range: 1811796.40, -565824.07, 1832477.30, -549551.42
total: 605
WallLine1: 1823713.56, -561240.30, 1823653.56, -561240.30
WallLine2: 1823713.56, -561238.30, 1823703.56, -561238.30
WallLine3: 1823701.56, -561238.30, 1823693.56, -561238.30
WallLine4: 1823691.56, -561238.30, 1823655.56, -561238.30
WallLine5: 1823653.56, -561240.30, 1823653.56, -561126.30
WallLine6: 1823655.56, -561238.30, 1823655.56, -561128.30
WallLine7: 1823653.56, -561126.30, 1823713.56, -561126.30
WallLine8: 1823655.56, -561128.30, 1823691.56, -561128.30
WallLine9: 1823693.56, -561128.30, 1823701.56, -561128.30
WallLine10: 1823703.56, -561128.30, 1823713.56, -561128.30
WallLine11: 1823713.56, -561238.30, 1823713.56, -561240.30
WallLine12: 1823713.56, -561178.30, 1823713.56, -561188.30
WallLine13: 1823711.56, -561180.30, 1823711.56, -561186.30
WallLine14: 1823713.56, -561186.30, 1823713.56, -561188.30
WallLine15: 1823703.56, -561238.30, 1823703.56, -561238.30
WallLine16: 1823703.56, -561238.30, 1823693.56, -561238.30
WallLine17: 1823701.56, -561240.30, 1823691.56, -561240.30
WallLine18: 1823713.56, -561188.30, 1823693.56, -561188.30
WallLine19: 1823711.56, -561186.30, 1823691.56, -561186.30
WallLine20: 1823693.56, -561188.30, 1823693.56, -561238.30
WallLine21: 1823691.56, -561186.30, 1823691.56, -561238.30
WallLine22: 1823713.56, -561178.30, 1823693.56, -561178.30
WallLine23: 1823711.56, -561180.30, 1823691.56, -561180.30
WallLine24: 1823703.56, -561128.30, 1823693.56, -561128.30
WallLine25: 1823701.56, -561126.30, 1823691.56, -561126.30
WallLine26: 1823691.56, -561180.30, 1823691.56, -561128.30
WallLine27: 1823693.56, -561178.30, 1823693.56, -561128.30
WallLine28: 1823713.56, -561128.30, 1823713.56, -561126.30
WallLine29: 1826043.56, -561240.30, 1826103.56, -561240.30
WallLine30: 1826043.56, -561238.30, 1826053.56, -561238.30
WallLine31: 1826055.56, -561238.30, 1826063.56, -561238.30
WallLine32: 1826065.56, -561238.30, 1826101.56, -561238.30
WallLine33: 1826103.56, -561240.30, 1826103.56, -561126.30
WallLine34: 1826101.56, -561238.30, 1826101.56, -561128.30
WallLine35: 1826103.56, -561126.30, 1826043.56, -561126.30
WallLine36: 1826101.56, -561128.30, 1826065.56, -561128.30
WallLine37: 1826063.56, -561128.30, 1826055.56, -561128.30
WallLine38: 1826053.56, -561128.30, 1826043.56, -561128.30
WallLine39: 1826043.56, -561238.30, 1826043.56, -561240.30
WallLine40: 1826043.56, -561178.30, 1826043.56, -561188.30
WallLine41: 1826045.56, -561180.30, 1826045.56, -561186.30
WallLine42: 1826043.56, -561186.30, 1826043.56, -561188.30
WallLine43: 1826053.56, -561238.30, 1826053.56, -561238.30
WallLine44: 1826053.56, -561238.30, 1826063.56, -561238.30
WallLine45: 1826055.56, -561240.30, 1826065.56, -561240.30
WallLine46: 1826043.56, -561188.30, 1826063.56, -561188.30
WallLine47: 1826045.56, -561186.30, 1826065.56, -561186.30
WallLine48: 1826063.56, -561188.30, 1826063.56, -561238.30
WallLine49: 1826065.56, -561186.30, 1826065.56, -561238.30
WallLine50: 1826043.56, -561178.30, 1826063.56, -561178.30
WallLine51: 1826045.56, -561180.30, 1826065.56, -561180.30
WallLine52: 1826053.56, -561128.30, 1826063.56, -561128.30
WallLine53: 1826055.56, -561126.30, 1826065.56, -561126.30
WallLine54: 1826065.56, -561180.30, 1826065.56, -561128.30
WallLine55: 1826063.56, -561178.30, 1826063.56, -561128.30
WallLine56: 1826043.56, -561128.30, 1826043.56, -561126.30
WallLine57: 1823477.31, -554894.31, 1824227.31, -554894.31
WallLine58: 1824227.31, -554894.31, 1824227.31, -554854.31
WallLine59: 1824227.31, -554854.31, 1823477.31, -554854.31
WallLine60: 1823477.31, -554894.31, 1823477.31, -554854.31
WallLine61: 1824147.31, -554854.31, 1824147.31, -554894.31
WallLine62: 1823557.31, -554854.31, 1823557.31, -554894.31
WallLine63: 1823557.31, -554870.31, 1824147.31, -554870.31
WallLine64: 1823557.31, -554878.31, 1824147.31, -554878.31
WallLine65: 1823562.31, -554870.31, 1823562.31, -554852.31
WallLine66: 1823562.31, -554852.31, 1823557.31, -554852.31
WallLine67: 1823557.31, -554852.31, 1823557.31, -554896.31
WallLine68: 1823557.31, -554896.31, 1823562.31, -554896.31
WallLine69: 1823562.31, -554896.31, 1823562.31, -554878.31
WallLine70: 1824142.31, -554870.31, 1824142.31, -554852.31
WallLine71: 1824142.31, -554852.31, 1824147.31, -554852.31
WallLine72: 1824147.31, -554852.31, 1824147.31, -554896.31
WallLine73: 1824147.31, -554896.31, 1824142.31, -554896.31
WallLine74: 1824142.31, -554896.31, 1824142.31, -554878.31
WallLine75: 1824147.31, -554854.31, 1824147.31, -554894.31
WallLine76: 1823608.48, -554940.79, 1824358.48, -554940.79
WallLine77: 1824358.48, -554940.79, 1824358.48, -554900.79
WallLine78: 1824358.48, -554900.79, 1823608.48, -554900.79
WallLine79: 1823608.48, -554940.79, 1823608.48, -554900.79
WallLine80: 1824278.48, -554900.79, 1824278.48, -554940.79
WallLine81: 1823688.48, -554900.79, 1823688.48, -554940.79
WallLine82: 1823688.48, -554916.79, 1824278.48, -554916.79
WallLine83: 1823688.48, -554924.79, 1824278.48, -554924.79
WallLine84: 1823693.48, -554916.79, 1823693.48, -554898.79
WallLine85: 1823693.48, -554898.79, 1823688.48, -554898.79
WallLine86: 1823688.48, -554898.79, 1823688.48, -554942.79
WallLine87: 1823688.48, -554942.79, 1823693.48, -554942.79
WallLine88: 1823693.48, -554942.79, 1823693.48, -554924.79
WallLine89: 1824273.48, -554916.79, 1824273.48, -554898.79
WallLine90: 1824273.48, -554898.79, 1824278.48, -554898.79
WallLine91: 1824278.48, -554898.79, 1824278.48, -554942.79
WallLine92: 1824278.48, -554942.79, 1824273.48, -554942.79
WallLine93: 1824273.48, -554942.79, 1824273.48, -554924.79
WallLine94: 1824278.48, -554900.79, 1824278.48, -554940.79
WallLine95: 1820689.56, -558183.30, 1820689.56, -559013.30
WallLine96: 1820689.56, -559013.30, 1820733.31, -559013.30
WallLine97: 1820733.31, -559013.30, 1820733.31, -558183.30
WallLine98: 1820689.56, -558183.30, 1820733.31, -558183.30
WallLine99: 1820689.56, -558926.36, 1820689.56, -558856.34
WallLine100: 1820683.56, -558926.36, 1820683.56, -558856.16
WallLine101: 1820683.56, -558926.36, 1820689.56, -558926.36
WallLine102: 1820689.56, -558856.34, 1820683.56, -558856.34
WallLine103: 1820678.56, -558918.36, 1820678.56, -558864.34
WallLine104: 1820678.56, -558918.36, 1820683.56, -558918.36
WallLine105: 1820683.56, -558864.34, 1820678.56, -558864.34
WallLine106: 1820618.56, -558901.35, 1820618.56, -558768.35
WallLine107: 1820678.56, -558901.35, 1820618.56, -558901.35
WallLine108: 1820678.56, -558881.35, 1820638.56, -558881.35
WallLine109: 1820638.56, -558881.35, 1820638.95, -558819.82
WallLine110: 1820638.95, -558819.82, 1820632.56, -558768.35
WallLine111: 1820733.31, -558926.36, 1820733.31, -558856.34
WallLine112: 1820739.31, -558926.36, 1820739.31, -558856.16
WallLine113: 1820739.31, -558926.36, 1820733.31, -558926.36
WallLine114: 1820733.31, -558856.34, 1820739.31, -558856.34
WallLine115: 1820744.31, -558918.36, 1820744.31, -558864.34
WallLine116: 1820744.31, -558918.36, 1820739.31, -558918.36
WallLine117: 1820739.31, -558864.34, 1820744.31, -558864.34
WallLine118: 1820804.31, -558901.35, 1820804.31, -558768.35
WallLine119: 1820744.31, -558901.35, 1820804.31, -558901.35
WallLine120: 1820744.31, -558881.35, 1820784.31, -558881.35
WallLine121: 1820784.31, -558881.35, 1820783.92, -558819.82
WallLine122: 1820783.92, -558819.82, 1820790.31, -558768.35
WallLine123: 1821564.23, -558083.30, 1821564.23, -558183.30
WallLine124: 1821543.23, -558183.30, 1821528.23, -558183.30
WallLine125: 1821528.23, -558183.30, 1821528.23, -558135.69
WallLine126: 1821513.89, -558126.30, 1821513.89, -558083.30
WallLine127: 1821513.89, -558083.30, 1821540.23, -558083.30
WallLine128: 1821513.89, -558126.30, 1821513.89, -558131.30
WallLine129: 1821513.89, -558131.30, 1821523.90, -558131.30
WallLine130: 1821523.90, -558131.30, 1821528.23, -558135.69
WallLine131: 1821600.23, -558083.30, 1821600.23, -558066.30
WallLine132: 1821599.23, -558065.30, 1821541.23, -558065.30
WallLine133: 1821540.23, -558066.30, 1821540.23, -558083.30
WallLine134: 1821564.23, -558083.30, 1821600.23, -558083.30
WallLine135: 1821603.23, -558183.30, 1821603.23, -558200.30
WallLine136: 1821602.23, -558201.30, 1821544.23, -558201.30
WallLine137: 1821543.23, -558200.30, 1821543.23, -558183.30
WallLine138: 1821564.23, -558183.30, 1821603.23, -558183.30
WallLine139: 1820653.56, -558083.30, 1820653.56, -558183.30
WallLine140: 1820674.56, -558183.30, 1820689.56, -558183.30
WallLine141: 1820689.56, -558183.30, 1820689.56, -558135.69
WallLine142: 1820703.89, -558126.30, 1820703.89, -558083.30
WallLine143: 1820703.89, -558083.30, 1820677.56, -558083.30
WallLine144: 1820703.89, -558126.30, 1820703.89, -558131.30
WallLine145: 1820703.89, -558131.30, 1820693.89, -558131.30
WallLine146: 1820693.89, -558131.30, 1820689.56, -558135.69
WallLine147: 1820617.56, -558083.30, 1820617.56, -558066.30
WallLine148: 1820618.56, -558065.30, 1820676.56, -558065.30
WallLine149: 1820677.56, -558066.30, 1820677.56, -558083.30
WallLine150: 1820653.56, -558083.30, 1820617.56, -558083.30
WallLine151: 1820614.56, -558183.30, 1820614.56, -558200.30
WallLine152: 1820615.56, -558201.30, 1820673.56, -558201.30
WallLine153: 1820674.56, -558200.30, 1820674.56, -558183.30
WallLine154: 1820653.56, -558183.30, 1820614.56, -558183.30
WallLine155: 1818580.50, -557184.30, 1818650.52, -557184.30
WallLine156: 1818580.50, -557178.30, 1818650.70, -557178.30
WallLine157: 1818580.50, -557178.30, 1818580.50, -557184.30
WallLine158: 1818650.52, -557184.30, 1818650.52, -557178.30
WallLine159: 1818588.50, -557173.30, 1818642.52, -557173.30
WallLine160: 1818588.50, -557173.30, 1818588.50, -557178.30
WallLine161: 1818642.52, -557178.30, 1818642.52, -557173.30
WallLine162: 1818595.51, -557115.30, 1818738.51, -557115.30
WallLine163: 1818605.51, -557173.30, 1818605.51, -557113.30
WallLine164: 1818625.51, -557173.30, 1818625.51, -557133.30
WallLine165: 1818718.51, -557129.30, 1818738.51, -557115.30
WallLine166: 1818615.51, -557135.30, 1818667.04, -557135.69
WallLine167: 1818667.04, -557135.69, 1818718.51, -557129.30
WallLine168: 1818580.50, -557228.05, 1818650.52, -557228.05
WallLine169: 1818580.50, -557234.05, 1818650.70, -557234.05
WallLine170: 1818580.50, -557234.05, 1818580.50, -557228.05
WallLine171: 1818650.52, -557228.05, 1818650.52, -557234.05
WallLine172: 1818588.50, -557239.05, 1818642.52, -557239.05
WallLine173: 1818588.50, -557239.05, 1818588.50, -557234.05
WallLine174: 1818642.52, -557234.05, 1818642.52, -557239.05
WallLine175: 1818605.51, -557299.05, 1818738.51, -557299.05
WallLine176: 1818605.51, -557239.05, 1818605.51, -557299.05
WallLine177: 1818625.51, -557239.05, 1818625.51, -557279.05
WallLine178: 1818625.51, -557279.05, 1818687.04, -557278.67
WallLine179: 1818687.04, -557278.67, 1818738.51, -557285.05
WallLine180: 1819223.56, -557184.30, 1818493.56, -557184.30
WallLine181: 1818493.56, -557184.30, 1818493.56, -557228.05
WallLine182: 1818493.56, -557228.05, 1819223.56, -557228.05
WallLine183: 1819223.56, -557184.30, 1819223.56, -557228.05
WallLine184: 1819353.56, -557939.30, 1819223.56, -557939.30
WallLine185: 1819268.56, -557918.30, 1819223.56, -557918.30
WallLine186: 1819353.56, -557906.30, 1819268.56, -557906.30
WallLine187: 1819223.56, -557918.30, 1819223.56, -557928.30
WallLine188: 1819353.56, -557916.30, 1819353.56, -557906.30
WallLine189: 1819268.56, -557918.30, 1819268.56, -557906.30
WallLine190: 1819268.56, -557917.06, 1819268.56, -557913.06
WallLine191: 1819268.56, -557911.06, 1819268.56, -557907.06
WallLine192: 1819267.56, -557916.06, 1819267.56, -557908.06
WallLine193: 1819268.56, -557907.06, 1819264.56, -557907.06
WallLine194: 1819267.56, -557908.06, 1819265.01, -557908.06
WallLine195: 1819264.56, -557917.06, 1819268.56, -557917.06
WallLine196: 1819265.01, -557916.06, 1819267.56, -557916.06
WallLine197: 1819268.56, -557911.06, 1819270.63, -557911.06
WallLine198: 1819272.96, -557911.06, 1819274.21, -557911.06
WallLine199: 1819268.56, -557913.06, 1819270.63, -557913.06
WallLine200: 1819272.96, -557913.06, 1819274.21, -557913.06
WallLine201: 1819277.21, -557912.06, 1819275.21, -557909.06
WallLine202: 1819274.21, -557909.06, 1819274.21, -557911.06
WallLine203: 1819274.21, -557909.06, 1819275.21, -557909.06
WallLine204: 1819277.21, -557912.06, 1819275.21, -557915.06
WallLine205: 1819274.21, -557915.06, 1819274.21, -557913.06
WallLine206: 1819274.21, -557915.06, 1819275.21, -557915.06
WallLine207: 1819272.96, -557911.06, 1819271.63, -557909.06
WallLine208: 1819270.63, -557909.06, 1819270.63, -557911.06
WallLine209: 1819270.63, -557909.06, 1819271.63, -557909.06
WallLine210: 1819272.96, -557913.06, 1819271.63, -557915.06
WallLine211: 1819270.63, -557915.06, 1819270.63, -557913.06
WallLine212: 1819270.63, -557915.06, 1819271.63, -557915.06
WallLine213: 1819353.56, -557976.30, 1819370.56, -557976.30
WallLine214: 1819371.56, -557975.30, 1819371.56, -557917.30
WallLine215: 1819370.56, -557916.30, 1819353.56, -557916.30
WallLine216: 1819353.56, -557939.30, 1819353.56, -557976.30
WallLine217: 1819223.56, -557988.30, 1819206.56, -557988.30
WallLine218: 1819205.56, -557987.30, 1819205.56, -557929.30
WallLine219: 1819206.56, -557928.30, 1819223.56, -557928.30
WallLine220: 1819223.56, -557939.30, 1819223.56, -557988.30
WallLine221: 1819353.56, -557163.30, 1819223.56, -557163.30
WallLine222: 1819268.56, -557184.30, 1819223.56, -557184.30
WallLine223: 1819353.56, -557196.30, 1819268.56, -557196.30
WallLine224: 1819223.56, -557184.30, 1819223.56, -557174.30
WallLine225: 1819353.56, -557186.30, 1819353.56, -557196.30
WallLine226: 1819268.56, -557184.30, 1819268.56, -557196.30
WallLine227: 1819353.56, -557126.30, 1819370.56, -557126.30
WallLine228: 1819371.56, -557127.30, 1819371.56, -557185.30
WallLine229: 1819370.56, -557186.30, 1819353.56, -557186.30
WallLine230: 1819353.56, -557163.30, 1819353.56, -557126.30
WallLine231: 1819223.56, -557114.30, 1819206.56, -557114.30
WallLine232: 1819205.56, -557115.30, 1819205.56, -557173.30
WallLine233: 1819206.56, -557174.30, 1819223.56, -557174.30
WallLine234: 1819223.56, -557163.30, 1819223.56, -557114.30
WallLine235: 1821824.56, -556210.24, 1821824.56, -556280.26
WallLine236: 1821818.56, -556210.24, 1821818.56, -556280.44
WallLine237: 1821818.56, -556210.24, 1821824.56, -556210.24
WallLine238: 1821824.56, -556280.26, 1821818.56, -556280.26
WallLine239: 1821813.56, -556218.24, 1821813.56, -556272.26
WallLine240: 1821813.56, -556218.24, 1821818.56, -556218.24
WallLine241: 1821818.56, -556272.26, 1821813.56, -556272.26
WallLine242: 1821755.56, -556225.25, 1821755.56, -556368.25
WallLine243: 1821813.56, -556235.25, 1821753.56, -556235.25
WallLine244: 1821813.56, -556255.25, 1821773.56, -556255.25
WallLine245: 1821769.56, -556348.25, 1821755.56, -556368.25
WallLine246: 1821775.56, -556245.25, 1821775.95, -556296.79
WallLine247: 1821775.95, -556296.79, 1821769.56, -556348.25
WallLine248: 1821868.31, -556210.24, 1821868.31, -556280.26
WallLine249: 1821874.31, -556210.24, 1821874.31, -556280.44
WallLine250: 1821874.31, -556210.24, 1821868.31, -556210.24
WallLine251: 1821868.31, -556280.26, 1821874.31, -556280.26
WallLine252: 1821879.31, -556218.24, 1821879.31, -556272.26
WallLine253: 1821879.31, -556218.24, 1821874.31, -556218.24
WallLine254: 1821874.31, -556272.26, 1821879.31, -556272.26
WallLine255: 1821939.31, -556235.25, 1821939.31, -556368.25
WallLine256: 1821879.31, -556235.25, 1821939.31, -556235.25
WallLine257: 1821879.31, -556255.25, 1821919.31, -556255.25
WallLine258: 1821919.31, -556255.25, 1821918.92, -556316.79
WallLine259: 1821918.92, -556316.79, 1821925.31, -556368.25
WallLine260: 1821824.56, -556853.30, 1821824.56, -556123.30
WallLine261: 1821824.56, -556123.30, 1821868.31, -556123.30
WallLine262: 1821868.31, -556123.30, 1821868.31, -556853.30
WallLine263: 1821824.56, -556853.30, 1821868.31, -556853.30
WallLine264: 1822579.56, -556983.30, 1822579.56, -556853.30
WallLine265: 1822558.56, -556898.30, 1822558.56, -556853.30
WallLine266: 1822546.56, -556983.30, 1822546.56, -556898.30
WallLine267: 1822558.56, -556853.30, 1822568.56, -556853.30
WallLine268: 1822556.56, -556983.30, 1822546.56, -556983.30
WallLine269: 1822558.56, -556898.30, 1822546.56, -556898.30
WallLine270: 1822557.32, -556898.30, 1822553.32, -556898.30
WallLine271: 1822551.32, -556898.30, 1822547.32, -556898.30
WallLine272: 1822556.32, -556897.30, 1822548.32, -556897.30
WallLine273: 1822547.32, -556898.30, 1822547.32, -556894.30
WallLine274: 1822548.32, -556897.30, 1822548.32, -556894.75
WallLine275: 1822557.32, -556894.30, 1822557.32, -556898.30
WallLine276: 1822556.32, -556894.75, 1822556.32, -556897.30
WallLine277: 1822551.32, -556898.30, 1822551.32, -556900.37
WallLine278: 1822551.32, -556902.71, 1822551.32, -556903.96
WallLine279: 1822553.32, -556898.30, 1822553.32, -556900.37
WallLine280: 1822553.32, -556902.71, 1822553.32, -556903.96
WallLine281: 1822552.32, -556906.96, 1822549.32, -556904.96
WallLine282: 1822549.32, -556903.96, 1822551.32, -556903.96
WallLine283: 1822549.32, -556903.96, 1822549.32, -556904.96
WallLine284: 1822552.32, -556906.96, 1822555.32, -556904.96
WallLine285: 1822555.32, -556903.96, 1822553.32, -556903.96
WallLine286: 1822555.32, -556903.96, 1822555.32, -556904.96
WallLine287: 1822551.32, -556902.71, 1822549.32, -556901.37
WallLine288: 1822549.32, -556900.37, 1822551.32, -556900.37
WallLine289: 1822549.32, -556900.37, 1822549.32, -556901.37
WallLine290: 1822553.32, -556902.71, 1822555.32, -556901.37
WallLine291: 1822555.32, -556900.37, 1822553.32, -556900.37
WallLine292: 1822555.32, -556900.37, 1822555.32, -556901.37
WallLine293: 1822616.56, -556983.30, 1822616.56, -557000.30
WallLine294: 1822615.56, -557001.30, 1822557.56, -557001.30
WallLine295: 1822556.56, -557000.30, 1822556.56, -556983.30
WallLine296: 1822579.56, -556983.30, 1822616.56, -556983.30
WallLine297: 1822628.56, -556853.30, 1822628.56, -556836.30
WallLine298: 1822627.56, -556835.30, 1822569.56, -556835.30
WallLine299: 1822568.56, -556836.30, 1822568.56, -556853.30
WallLine300: 1822579.56, -556853.30, 1822628.56, -556853.30
WallLine301: 1821803.56, -556983.30, 1821803.56, -556853.30
WallLine302: 1821824.56, -556898.30, 1821824.56, -556853.30
WallLine303: 1821836.56, -556983.30, 1821836.56, -556898.30
WallLine304: 1821824.56, -556853.30, 1821814.56, -556853.30
WallLine305: 1821826.56, -556983.30, 1821836.56, -556983.30
WallLine306: 1821824.56, -556898.30, 1821836.56, -556898.30
WallLine307: 1821766.56, -556983.30, 1821766.56, -557000.30
WallLine308: 1821767.56, -557001.30, 1821825.56, -557001.30
WallLine309: 1821826.56, -557000.30, 1821826.56, -556983.30
WallLine310: 1821803.56, -556983.30, 1821766.56, -556983.30
WallLine311: 1821754.56, -556853.30, 1821754.56, -556836.30
WallLine312: 1821755.56, -556835.30, 1821813.56, -556835.30
WallLine313: 1821814.56, -556836.30, 1821814.56, -556853.30
WallLine314: 1821803.56, -556853.30, 1821754.56, -556853.30
WallLine315: 1821532.56, -556883.36, 1821530.33, -556053.36
WallLine316: 1821530.33, -556053.36, 1821486.58, -556053.48
WallLine317: 1821486.58, -556053.48, 1821488.81, -556883.48
WallLine318: 1821532.56, -556883.36, 1821488.81, -556883.48
WallLine319: 1821530.56, -556140.30, 1821530.75, -556210.32
WallLine320: 1821536.56, -556140.28, 1821536.75, -556210.49
WallLine321: 1821536.56, -556140.28, 1821530.56, -556140.30
WallLine322: 1821530.75, -556210.32, 1821536.75, -556210.31
WallLine323: 1821541.58, -556148.27, 1821541.73, -556202.29
WallLine324: 1821541.58, -556148.27, 1821536.58, -556148.28
WallLine325: 1821536.73, -556202.31, 1821541.73, -556202.29
WallLine326: 1821601.63, -556165.12, 1821601.99, -556298.12
WallLine327: 1821541.63, -556165.28, 1821601.63, -556165.12
WallLine328: 1821541.68, -556185.28, 1821581.68, -556185.17
WallLine329: 1821587.99, -556298.16, 1821601.99, -556298.12
WallLine330: 1821581.68, -556185.17, 1821581.46, -556246.71
WallLine331: 1821581.46, -556246.71, 1821587.99, -556298.16
WallLine332: 1821486.81, -556140.42, 1821487.00, -556210.44
WallLine333: 1821480.81, -556140.43, 1821481.00, -556210.64
WallLine334: 1821480.81, -556140.43, 1821486.81, -556140.42
WallLine335: 1821487.00, -556210.44, 1821481.00, -556210.46
WallLine336: 1821475.83, -556148.45, 1821475.98, -556202.47
WallLine337: 1821475.83, -556148.45, 1821480.83, -556148.43
WallLine338: 1821480.98, -556202.46, 1821475.98, -556202.47
WallLine339: 1821415.88, -556165.62, 1821416.24, -556298.62
WallLine340: 1821475.88, -556165.46, 1821415.88, -556165.62
WallLine341: 1821475.93, -556185.46, 1821435.93, -556185.57
WallLine342: 1821430.24, -556298.58, 1821416.24, -556298.62
WallLine343: 1821435.93, -556185.57, 1821436.49, -556247.10
WallLine344: 1821436.49, -556247.10, 1821430.24, -556298.58
WallLine345: 1820677.82, -556983.17, 1820677.56, -556883.17
WallLine346: 1820698.68, -556928.11, 1820698.56, -556883.11
WallLine347: 1820710.82, -556983.08, 1820710.68, -556928.08
WallLine348: 1820698.56, -556883.11, 1820688.56, -556883.14
WallLine349: 1820700.82, -556983.11, 1820710.82, -556983.08
WallLine350: 1820698.68, -556928.11, 1820710.68, -556928.08
WallLine351: 1820699.92, -556928.11, 1820703.92, -556928.10
WallLine352: 1820705.92, -556928.09, 1820709.92, -556928.08
WallLine353: 1820700.92, -556927.11, 1820708.92, -556927.09
WallLine354: 1820709.92, -556928.08, 1820709.91, -556924.08
WallLine355: 1820708.92, -556927.09, 1820708.91, -556924.53
WallLine356: 1820699.91, -556924.11, 1820699.92, -556928.11
WallLine357: 1820700.91, -556924.56, 1820700.92, -556927.11
WallLine358: 1820705.92, -556928.09, 1820705.93, -556930.17
WallLine359: 1820705.93, -556932.50, 1820705.94, -556933.75
WallLine360: 1820703.92, -556928.10, 1820703.93, -556930.17
WallLine361: 1820703.93, -556932.51, 1820703.94, -556933.75
WallLine362: 1820704.94, -556936.75, 1820707.94, -556934.74
WallLine363: 1820707.94, -556933.74, 1820705.94, -556933.75
WallLine364: 1820707.94, -556933.74, 1820707.94, -556934.74
WallLine365: 1820704.94, -556936.75, 1820701.94, -556934.76
WallLine366: 1820701.94, -556933.76, 1820703.94, -556933.75
WallLine367: 1820701.94, -556933.76, 1820701.94, -556934.76
WallLine368: 1820705.93, -556932.50, 1820707.93, -556931.16
WallLine369: 1820707.93, -556930.16, 1820705.93, -556930.17
WallLine370: 1820707.93, -556930.16, 1820707.93, -556931.16
WallLine371: 1820703.93, -556932.51, 1820701.93, -556931.18
WallLine372: 1820701.93, -556930.18, 1820703.93, -556930.17
WallLine373: 1820701.93, -556930.18, 1820701.93, -556931.18
WallLine374: 1820640.83, -556983.27, 1820640.87, -557000.27
WallLine375: 1820641.87, -557001.27, 1820699.87, -557001.11
WallLine376: 1820700.87, -557000.11, 1820700.82, -556983.11
WallLine377: 1820677.82, -556983.17, 1820640.83, -556983.27
WallLine378: 1820628.56, -556883.30, 1820628.51, -556866.30
WallLine379: 1820629.51, -556865.30, 1820687.51, -556865.14
WallLine380: 1820688.51, -556866.14, 1820688.56, -556883.14
WallLine381: 1820677.56, -556883.17, 1820628.56, -556883.30
WallLine382: 1821553.83, -556983.30, 1821553.56, -556883.30
WallLine383: 1821532.68, -556928.36, 1821532.56, -556883.36
WallLine384: 1821520.83, -556983.39, 1821520.68, -556928.39
WallLine385: 1821532.56, -556883.36, 1821542.56, -556883.33
WallLine386: 1821530.83, -556983.36, 1821520.83, -556983.39
WallLine387: 1821532.68, -556928.36, 1821520.68, -556928.39
WallLine388: 1821590.83, -556983.20, 1821590.87, -557000.20
WallLine389: 1821589.88, -557001.21, 1821531.88, -557001.36
WallLine390: 1821530.87, -557000.36, 1821530.83, -556983.36
WallLine391: 1821553.83, -556983.30, 1821590.83, -556983.20
WallLine392: 1821602.56, -556883.17, 1821602.51, -556866.17
WallLine393: 1821601.51, -556865.17, 1821543.51, -556865.33
WallLine394: 1821542.51, -556866.33, 1821542.56, -556883.33
WallLine395: 1821553.56, -556883.30, 1821602.56, -556883.17
WallLine396: 1820453.56, -557104.30, 1819623.56, -557104.30
WallLine397: 1819623.56, -557104.30, 1819623.56, -557148.05
WallLine398: 1819623.56, -557148.05, 1820453.56, -557148.05
WallLine399: 1820453.56, -557104.30, 1820453.56, -557148.05
WallLine400: 1819710.50, -557104.30, 1819780.52, -557104.30
WallLine401: 1819710.50, -557098.30, 1819780.70, -557098.30
WallLine402: 1819710.50, -557098.30, 1819710.50, -557104.30
WallLine403: 1819780.52, -557104.30, 1819780.52, -557098.30
WallLine404: 1819718.50, -557093.30, 1819772.52, -557093.30
WallLine405: 1819718.50, -557093.30, 1819718.50, -557098.30
WallLine406: 1819772.52, -557098.30, 1819772.52, -557093.30
WallLine407: 1819735.51, -557033.30, 1819868.51, -557033.30
WallLine408: 1819735.51, -557093.30, 1819735.51, -557033.30
WallLine409: 1819755.51, -557093.30, 1819755.51, -557053.30
WallLine410: 1819868.51, -557047.30, 1819868.51, -557033.30
WallLine411: 1819755.51, -557053.30, 1819817.04, -557053.69
WallLine412: 1819817.04, -557053.69, 1819868.51, -557047.30
WallLine413: 1819710.50, -557148.05, 1819780.52, -557148.05
WallLine414: 1819710.50, -557154.05, 1819780.70, -557154.05
WallLine415: 1819710.50, -557154.05, 1819710.50, -557148.05
WallLine416: 1819780.52, -557148.05, 1819780.52, -557154.05
WallLine417: 1819718.50, -557159.05, 1819772.52, -557159.05
WallLine418: 1819718.50, -557159.05, 1819718.50, -557154.05
WallLine419: 1819772.52, -557154.05, 1819772.52, -557159.05
WallLine420: 1819735.51, -557219.05, 1819868.51, -557219.05
WallLine421: 1819735.51, -557159.05, 1819735.51, -557219.05
WallLine422: 1819755.51, -557159.05, 1819755.51, -557199.05
WallLine423: 1819868.51, -557205.05, 1819868.51, -557219.05
WallLine424: 1819755.51, -557199.05, 1819817.04, -557198.67
WallLine425: 1819817.04, -557198.67, 1819868.51, -557205.05
WallLine426: 1820553.56, -557959.30, 1820453.56, -557959.30
WallLine427: 1820498.56, -557938.30, 1820453.56, -557938.30
WallLine428: 1820553.56, -557926.30, 1820498.56, -557926.30
WallLine429: 1820453.56, -557938.30, 1820453.56, -557948.30
WallLine430: 1820553.56, -557936.30, 1820553.56, -557926.30
WallLine431: 1820498.56, -557938.30, 1820498.56, -557926.30
WallLine432: 1820498.56, -557937.06, 1820498.56, -557933.06
WallLine433: 1820498.56, -557931.06, 1820498.56, -557927.06
WallLine434: 1820497.56, -557936.06, 1820497.56, -557928.06
WallLine435: 1820498.56, -557927.06, 1820494.56, -557927.06
WallLine436: 1820497.56, -557928.06, 1820495.01, -557928.06
WallLine437: 1820494.56, -557937.06, 1820498.56, -557937.06
WallLine438: 1820495.01, -557936.06, 1820497.56, -557936.06
WallLine439: 1820498.56, -557931.06, 1820500.63, -557931.06
WallLine440: 1820502.96, -557931.06, 1820504.21, -557931.06
WallLine441: 1820498.56, -557933.06, 1820500.63, -557933.06
WallLine442: 1820502.96, -557933.06, 1820504.21, -557933.06
WallLine443: 1820507.21, -557932.06, 1820505.21, -557929.06
WallLine444: 1820504.21, -557929.06, 1820504.21, -557931.06
WallLine445: 1820504.21, -557929.06, 1820505.21, -557929.06
WallLine446: 1820507.21, -557932.06, 1820505.21, -557935.06
WallLine447: 1820504.21, -557935.06, 1820504.21, -557933.06
WallLine448: 1820504.21, -557935.06, 1820505.21, -557935.06
WallLine449: 1820502.96, -557931.06, 1820501.63, -557929.06
WallLine450: 1820500.63, -557929.06, 1820500.63, -557931.06
WallLine451: 1820500.63, -557929.06, 1820501.63, -557929.06
WallLine452: 1820502.96, -557933.06, 1820501.63, -557935.06
WallLine453: 1820500.63, -557935.06, 1820500.63, -557933.06
WallLine454: 1820500.63, -557935.06, 1820501.63, -557935.06
WallLine455: 1820553.56, -557996.30, 1820570.56, -557996.30
WallLine456: 1820571.56, -557995.30, 1820571.56, -557937.30
WallLine457: 1820570.56, -557936.30, 1820553.56, -557936.30
WallLine458: 1820553.56, -557959.30, 1820553.56, -557996.30
WallLine459: 1820453.56, -558008.30, 1820436.56, -558008.30
WallLine460: 1820435.56, -558007.30, 1820435.56, -557949.30
WallLine461: 1820436.56, -557948.30, 1820453.56, -557948.30
WallLine462: 1820453.56, -557959.30, 1820453.56, -558008.30
WallLine463: 1820553.56, -557083.30, 1820453.56, -557083.30
WallLine464: 1820498.56, -557104.30, 1820453.56, -557104.30
WallLine465: 1820553.56, -557116.30, 1820498.56, -557116.30
WallLine466: 1820453.56, -557104.30, 1820453.56, -557094.30
WallLine467: 1820553.56, -557106.30, 1820553.56, -557116.30
WallLine468: 1820498.56, -557104.30, 1820498.56, -557116.30
WallLine469: 1820553.56, -557046.30, 1820570.56, -557046.30
WallLine470: 1820571.56, -557047.30, 1820571.56, -557105.30
WallLine471: 1820570.56, -557106.30, 1820553.56, -557106.30
WallLine472: 1820553.56, -557083.30, 1820553.56, -557046.30
WallLine473: 1820453.56, -557034.30, 1820436.56, -557034.30
WallLine474: 1820435.56, -557035.30, 1820435.56, -557093.30
WallLine475: 1820436.56, -557094.30, 1820453.56, -557094.30
WallLine476: 1820453.56, -557083.30, 1820453.56, -557034.30
WallLine477: 1820689.56, -558183.30, 1820689.56, -559013.30
WallLine478: 1820689.56, -559013.30, 1820733.31, -559013.30
WallLine479: 1820733.31, -559013.30, 1820733.31, -558183.30
WallLine480: 1820689.56, -558183.30, 1820733.31, -558183.30
WallLine481: 1820689.56, -558926.36, 1820689.56, -558856.34
WallLine482: 1820683.56, -558926.36, 1820683.56, -558856.16
WallLine483: 1820683.56, -558926.36, 1820689.56, -558926.36
WallLine484: 1820689.56, -558856.34, 1820683.56, -558856.34
WallLine485: 1820678.56, -558918.36, 1820678.56, -558864.34
WallLine486: 1820678.56, -558918.36, 1820683.56, -558918.36
WallLine487: 1820683.56, -558864.34, 1820678.56, -558864.34
WallLine488: 1820618.56, -558901.35, 1820618.56, -558768.35
WallLine489: 1820678.56, -558901.35, 1820618.56, -558901.35
WallLine490: 1820678.56, -558881.35, 1820638.56, -558881.35
WallLine491: 1820632.56, -558768.35, 1820618.56, -558768.35
WallLine492: 1820638.56, -558881.35, 1820638.95, -558819.82
WallLine493: 1820638.95, -558819.82, 1820632.56, -558768.35
WallLine494: 1820733.31, -558926.36, 1820733.31, -558856.34
WallLine495: 1820739.31, -558926.36, 1820739.31, -558856.16
WallLine496: 1820739.31, -558926.36, 1820733.31, -558926.36
WallLine497: 1820733.31, -558856.34, 1820739.31, -558856.34
WallLine498: 1820744.31, -558918.36, 1820744.31, -558864.34
WallLine499: 1820744.31, -558918.36, 1820739.31, -558918.36
WallLine500: 1820739.31, -558864.34, 1820744.31, -558864.34
WallLine501: 1820804.31, -558901.35, 1820804.31, -558768.35
WallLine502: 1820744.31, -558901.35, 1820804.31, -558901.35
WallLine503: 1820744.31, -558881.35, 1820784.31, -558881.35
WallLine504: 1820790.31, -558768.35, 1820804.31, -558768.35
WallLine505: 1820784.31, -558881.35, 1820783.92, -558819.82
WallLine506: 1820783.92, -558819.82, 1820790.31, -558768.35
WallLine507: 1821564.23, -558083.30, 1821564.23, -558183.30
WallLine508: 1821543.23, -558183.30, 1821528.23, -558183.30
WallLine509: 1821528.23, -558183.30, 1821528.23, -558135.69
WallLine510: 1821513.89, -558126.30, 1821513.89, -558083.30
WallLine511: 1821513.89, -558083.30, 1821540.23, -558083.30
WallLine512: 1821513.89, -558126.30, 1821513.89, -558131.30
WallLine513: 1821513.89, -558131.30, 1821523.90, -558131.30
WallLine514: 1821523.90, -558131.30, 1821528.23, -558135.69
WallLine515: 1821600.23, -558083.30, 1821600.23, -558066.30
WallLine516: 1821599.23, -558065.30, 1821541.23, -558065.30
WallLine517: 1821540.23, -558066.30, 1821540.23, -558083.30
WallLine518: 1821564.23, -558083.30, 1821600.23, -558083.30
WallLine519: 1821603.23, -558183.30, 1821603.23, -558200.30
WallLine520: 1821602.23, -558201.30, 1821544.23, -558201.30
WallLine521: 1821543.23, -558200.30, 1821543.23, -558183.30
WallLine522: 1821564.23, -558183.30, 1821603.23, -558183.30
WallLine523: 1820653.56, -558083.30, 1820653.56, -558183.30
WallLine524: 1820674.56, -558183.30, 1820689.56, -558183.30
WallLine525: 1820689.56, -558183.30, 1820689.56, -558135.69
WallLine526: 1820703.89, -558126.30, 1820703.89, -558083.30
WallLine527: 1820703.89, -558083.30, 1820677.56, -558083.30
WallLine528: 1820703.89, -558126.30, 1820703.89, -558131.30
WallLine529: 1820703.89, -558131.30, 1820693.89, -558131.30
WallLine530: 1820693.89, -558131.30, 1820689.56, -558135.69
WallLine531: 1820617.56, -558083.30, 1820617.56, -558066.30
WallLine532: 1820618.56, -558065.30, 1820676.56, -558065.30
WallLine533: 1820677.56, -558066.30, 1820677.56, -558083.30
WallLine534: 1820653.56, -558083.30, 1820617.56, -558083.30
WallLine535: 1820614.56, -558183.30, 1820614.56, -558200.30
WallLine536: 1820615.56, -558201.30, 1820673.56, -558201.30
WallLine537: 1820674.56, -558200.30, 1820674.56, -558183.30
WallLine538: 1820653.56, -558183.30, 1820614.56, -558183.30
WallLine539: 1825403.56, -553645.32, 1825403.56, -553575.29
WallLine540: 1825397.56, -553645.32, 1825397.56, -553575.11
WallLine541: 1825397.56, -553645.32, 1825403.56, -553645.32
WallLine542: 1825403.56, -553575.29, 1825397.56, -553575.29
WallLine543: 1825392.56, -553637.32, 1825392.56, -553583.29
WallLine544: 1825392.56, -553637.32, 1825397.56, -553637.32
WallLine545: 1825397.56, -553583.29, 1825392.56, -553583.29
WallLine546: 1825332.56, -553620.30, 1825332.56, -553487.30
WallLine547: 1825392.56, -553620.30, 1825332.56, -553620.30
WallLine548: 1825392.56, -553600.30, 1825352.56, -553600.30
WallLine549: 1825346.56, -553487.30, 1825332.56, -553487.30
WallLine550: 1825352.56, -553600.30, 1825352.95, -553538.77
WallLine551: 1825352.95, -553538.77, 1825346.56, -553487.30
WallLine552: 1825447.31, -553645.32, 1825447.31, -553575.29
WallLine553: 1825453.31, -553645.32, 1825453.31, -553575.11
WallLine554: 1825453.31, -553645.32, 1825447.31, -553645.32
WallLine555: 1825447.31, -553575.29, 1825453.31, -553575.29
WallLine556: 1825458.31, -553637.32, 1825458.31, -553583.29
WallLine557: 1825458.31, -553637.32, 1825453.31, -553637.32
WallLine558: 1825453.31, -553583.29, 1825458.31, -553583.29
WallLine559: 1825518.31, -553620.30, 1825518.31, -553487.30
WallLine560: 1825458.31, -553620.30, 1825518.31, -553620.30
WallLine561: 1825458.31, -553600.30, 1825498.31, -553600.30
WallLine562: 1825504.31, -553487.30, 1825518.31, -553487.30
WallLine563: 1825498.31, -553600.30, 1825497.92, -553538.77
WallLine564: 1825497.92, -553538.77, 1825504.31, -553487.30
WallLine565: 1825403.56, -552752.25, 1825403.56, -553732.25
WallLine566: 1825403.56, -553732.25, 1825447.31, -553732.25
WallLine567: 1825447.31, -553732.25, 1825447.31, -552752.25
WallLine568: 1825403.56, -552752.25, 1825447.31, -552752.25
WallLine569: 1825033.56, -554982.25, 1825068.56, -554982.25
WallLine570: 1825068.56, -554982.25, 1825068.56, -555000.25
WallLine571: 1825068.56, -555000.25, 1825008.56, -555000.25
WallLine572: 1823398.56, -554822.25, 1823433.56, -554822.25
WallLine573: 1823468.56, -554982.25, 1823468.56, -554862.25
WallLine574: 1823468.56, -554862.25, 1823468.56, -554862.25
WallLine575: 1823468.56, -554862.25, 1823468.56, -554822.25
WallLine576: 1823468.56, -554822.25, 1823458.56, -554822.25
WallLine577: 1823458.56, -554822.25, 1823458.56, -554804.25
WallLine578: 1823458.56, -554804.25, 1823398.56, -554804.25
WallLine579: 1823398.56, -554804.25, 1823398.56, -554822.25
WallLine580: 1823398.56, -554822.25, 1823433.56, -554822.25
WallLine581: 1823433.56, -554822.25, 1823433.56, -554982.25
WallLine582: 1823433.56, -554982.25, 1823398.56, -554982.25
WallLine583: 1823398.56, -554982.25, 1823398.56, -555000.25
WallLine584: 1823398.56, -555000.25, 1823458.56, -555000.25
WallLine585: 1823458.56, -555000.25, 1823458.56, -554982.25
WallLine586: 1823458.56, -554982.25, 1823468.56, -554982.25
WallLine587: 1823468.56, -554982.25, 1823468.56, -554982.25
WallLine588: 1823468.56, -554982.25, 1823458.56, -554982.25
WallLine589: 1825068.56, -554822.25, 1825033.56, -554822.25
WallLine590: 1824998.56, -554982.25, 1824998.56, -554862.25
WallLine591: 1824998.56, -554862.25, 1824998.56, -554862.25
WallLine592: 1824998.56, -554862.25, 1824998.56, -554822.25
WallLine593: 1824998.56, -554822.25, 1825008.56, -554822.25
WallLine594: 1825008.56, -554822.25, 1825008.56, -554804.25
WallLine595: 1825008.56, -554804.25, 1825068.56, -554804.25
WallLine596: 1825068.56, -554804.25, 1825068.56, -554822.25
WallLine597: 1825068.56, -554822.25, 1825033.56, -554822.25
WallLine598: 1825033.56, -554822.25, 1825033.56, -554982.25
WallLine599: 1825033.56, -554982.25, 1825068.56, -554982.25
WallLine600: 1825068.56, -554982.25, 1825068.56, -555000.25
WallLine601: 1825068.56, -555000.25, 1825008.56, -555000.25
WallLine602: 1825008.56, -555000.25, 1825008.56, -554982.25
WallLine603: 1825008.56, -554982.25, 1824998.56, -554982.25
WallLine604: 1824998.56, -554982.25, 1824998.56, -554982.25
WallLine605: 1824998.56, -554982.25, 1825008.56, -554982.25
