range: 1811796.40, -565824.07, 1832477.30, -549551.42
total: 8
Balcony1: 1823153.56, -562463.30, 1826753.56, -562413.30, 0, 1.0
Balcony2: 1820553.56, -561883.30, 1822753.56, -561816.64, 0, 0.8
Balcony3: 1817853.56, -561883.30, 1820453.56, -561816.64, 0, 0.8
Balcony4: 1818553.56, -554649.97, 1819153.56, -554583.30, 0, 1.0
Balcony5: 1817853.56, -561883.30, 1817920.23, -561283.30, 0, 1.0
Balcony6: 1818553.56, -555983.30, 1818620.23, -554583.30, 0, 1.0
Balcony7: 1822686.89, -561883.30, 1822753.56, -561283.30, 0, 1.0
Balcony8: 1823153.56, -562463.30, 1823203.56, -561283.30, 0, 1.0
