range: 2321.72, -47390.24, 27271.72, -26390.24
total: 303
WallLine1: 17417.89, -35602.10, 17417.89, -37402.10
WallLine2: 17417.89, -37402.10, 17217.89, -37402.10
WallLine3: 17217.89, -37402.10, 17217.89, -35602.10
WallLine4: 17217.89, -35602.10, 17417.89, -35602.10
WallLine5: 17417.89, -39852.10, 17417.89, -41502.10
WallLine6: 17417.89, -41502.10, 16817.89, -41502.10
WallLine7: 16817.89, -41502.10, 16817.89, -41302.10
WallLine8: 16817.89, -41302.10, 17217.89, -41302.10
WallLine9: 17217.89, -41302.10, 17217.89, -39852.10
WallLine10: 17217.89, -39852.10, 17417.89, -39852.10
WallLine11: 14017.89, -39702.10, 14217.89, -39702.10
WallLine12: 14217.89, -39702.10, 14217.89, -41302.10
WallLine13: 14217.89, -41302.10, 14617.89, -41302.10
WallLine14: 14617.89, -41302.10, 14617.89, -41502.10
WallLine15: 14617.89, -41502.10, 14017.89, -41502.10
WallLine16: 14017.89, -41502.10, 14017.89, -39702.10
WallLine17: 11817.89, -38252.10, 11817.89, -39902.10
WallLine18: 11817.89, -39902.10, 10967.89, -39902.10
WallLine19: 10967.89, -39902.10, 10967.89, -39702.10
WallLine20: 10967.89, -39702.10, 11617.89, -39702.10
WallLine21: 11617.89, -39702.10, 11617.89, -38252.10
WallLine22: 11617.89, -38252.10, 11817.89, -38252.10
WallLine23: 13817.89, -34052.10, 13817.89, -32402.10
WallLine24: 13817.89, -32402.10, 14417.89, -32402.10
WallLine25: 14417.89, -32402.10, 14417.89, -32602.10
WallLine26: 14417.89, -32602.10, 14017.89, -32602.10
WallLine27: 14017.89, -32602.10, 14017.89, -34052.10
WallLine28: 14017.89, -34052.10, 13817.89, -34052.10
WallLine29: 11417.89, -32402.10, 11417.89, -32602.10
WallLine30: 11417.89, -32602.10, 11017.89, -32602.10
WallLine31: 11017.89, -32602.10, 11017.89, -35602.10
WallLine32: 11017.89, -35602.10, 11817.89, -35602.10
WallLine33: 11817.89, -35602.10, 11817.89, -35802.10
WallLine34: 11817.89, -35802.10, 10817.89, -35802.10
WallLine35: 10817.89, -35802.10, 10817.89, -32402.10
WallLine36: 10817.89, -32402.10, 11417.89, -32402.10
WallLine37: 6117.89, -34702.10, 6117.89, -32402.10
WallLine38: 6117.89, -32402.10, 6917.89, -32402.10
WallLine39: 6917.89, -32402.10, 6917.89, -32602.10
WallLine40: 6917.89, -32602.10, 6317.89, -32602.10
WallLine41: 6317.89, -32602.10, 6317.89, -34702.10
WallLine42: 6317.89, -34702.10, 6117.89, -34702.10
WallLine43: 6317.89, -37902.10, 6317.89, -39702.10
WallLine44: 6317.89, -39702.10, 6667.89, -39702.10
WallLine45: 6667.89, -39702.10, 6667.89, -39902.10
WallLine46: 6667.89, -39902.10, 6317.89, -39902.10
WallLine47: 6317.89, -39902.10, 6317.89, -40502.10
WallLine48: 6317.89, -40502.10, 6117.89, -40502.10
WallLine49: 6117.89, -40502.10, 6117.89, -37902.10
WallLine50: 6117.89, -37902.10, 6317.89, -37902.10
WallLine51: 14217.89, -41302.10, 14217.89, -40402.10
WallLine52: 14017.89, -41402.10, 14017.89, -40502.10
WallLine53: 8117.89, -41402.10, 8117.89, -40402.10
WallLine54: 7917.89, -41402.10, 7917.89, -40502.10
WallLine55: 8117.89, -41402.10, 7917.89, -41402.10
WallLine56: 17217.89, -41502.10, 17217.89, -41302.10
WallLine57: 14217.89, -41502.10, 14217.89, -41302.10
WallLine58: 17217.89, -41902.10, 16717.89, -41902.10
WallLine59: 17417.89, -42102.10, 16717.89, -42102.10
WallLine60: 16717.89, -41902.10, 16717.89, -42102.10
WallLine61: 17417.89, -42102.10, 17417.89, -41402.10
WallLine62: 17217.89, -41902.10, 17217.89, -41502.10
WallLine63: 14217.89, -41902.10, 14217.89, -41502.10
WallLine64: 14017.89, -42102.10, 14017.89, -41402.10
WallLine65: 17417.89, -41402.10, 17417.89, -37902.10
WallLine66: 17217.89, -41302.10, 17217.89, -38002.10
WallLine67: 14217.89, -40487.14, 14217.89, -39887.14
WallLine68: 14017.89, -40302.10, 14017.89, -39902.10
WallLine69: 14017.89, -40302.10, 13767.89, -40302.10
WallLine70: 14017.89, -40502.10, 13767.89, -40502.10
WallLine71: 13767.89, -40302.10, 13767.89, -40502.10
WallLine72: 11967.89, -40302.10, 11817.89, -40302.10
WallLine73: 11967.89, -40502.10, 11617.89, -40502.10
WallLine74: 11967.89, -40302.10, 11967.89, -40502.10
WallLine75: 15317.89, -37002.10, 15217.89, -37002.10
WallLine76: 15217.89, -37002.10, 15217.89, -36902.10
WallLine77: 15217.89, -36902.10, 15317.89, -36902.10
WallLine78: 14117.89, -36902.10, 14317.89, -36902.10
WallLine79: 14317.89, -36902.10, 14317.89, -37002.10
WallLine80: 14317.89, -37002.10, 14217.89, -37002.10
WallLine81: 14017.89, -39902.10, 14017.89, -39702.10
WallLine82: 11717.89, -39702.10, 11817.89, -39702.10
WallLine83: 11817.89, -39702.10, 11817.89, -39902.10
WallLine84: 6317.89, -40302.10, 6317.89, -39902.10
WallLine85: 6117.89, -40502.10, 6117.89, -39802.10
WallLine86: 14217.89, -39702.10, 14217.89, -37002.10
WallLine87: 14117.89, -39702.10, 14117.89, -37002.10
WallLine88: 14117.89, -37002.10, 12717.89, -37002.10
WallLine89: 12717.89, -37002.10, 12717.89, -36902.10
WallLine90: 12717.89, -36902.10, 14117.89, -36902.10
WallLine91: 11617.89, -36902.10, 11817.89, -36902.10
WallLine92: 11817.89, -36902.10, 11817.89, -37002.10
WallLine93: 11817.89, -37002.10, 11717.89, -37002.10
WallLine94: 16617.89, -32402.10, 15917.89, -32402.10
WallLine95: 16417.89, -32602.10, 15917.89, -32602.10
WallLine96: 15917.89, -32402.10, 15917.89, -32602.10
WallLine97: 16617.89, -35602.10, 16617.89, -32402.10
WallLine98: 16417.89, -35602.10, 16417.89, -32602.10
WallLine99: 14017.89, -35602.10, 14017.89, -32602.10
WallLine100: 13817.89, -35702.10, 13817.89, -32602.10
WallLine101: 13917.89, -35802.10, 13717.89, -35802.10
WallLine102: 13717.89, -35802.10, 13717.89, -35702.10
WallLine103: 13717.89, -35702.10, 13817.89, -35702.10
WallLine104: 11017.89, -35702.10, 12817.89, -35702.10
WallLine105: 12817.89, -35702.10, 12817.89, -35802.10
WallLine106: 12817.89, -35802.10, 10817.89, -35802.10
WallLine107: 13817.89, -32602.10, 13817.89, -32402.10
WallLine108: 11017.89, -32402.10, 11417.89, -32402.10
WallLine109: 11417.89, -32402.10, 11417.89, -32602.10
WallLine110: 11417.89, -32602.10, 11017.89, -32602.10
WallLine111: 14417.89, -31802.10, 13917.89, -31802.10
WallLine112: 14317.89, -32002.10, 13917.89, -32002.10
WallLine113: 13917.89, -32402.10, 13917.89, -32002.10
WallLine114: 13817.89, -32402.10, 13817.89, -32002.10
WallLine115: 14417.89, -32602.10, 14417.89, -31802.10
WallLine116: 14317.89, -32402.10, 14317.89, -32002.10
WallLine117: 14317.89, -32402.10, 13917.89, -32402.10
WallLine118: 14417.89, -32602.10, 14017.89, -32602.10
WallLine119: 13917.89, -31802.10, 13217.89, -31802.10
WallLine120: 13817.89, -32002.10, 13217.89, -32002.10
WallLine121: 13217.89, -31802.10, 13217.89, -32002.10
WallLine122: 11417.89, -31802.10, 11017.89, -31802.10
WallLine123: 11417.89, -32002.10, 11017.89, -32002.10
WallLine124: 11417.89, -31802.10, 11417.89, -32002.10
WallLine125: 11017.89, -32402.10, 11017.89, -32002.10
WallLine126: 10817.89, -32402.10, 10817.89, -31902.10
WallLine127: 11817.89, -40302.10, 11817.89, -39902.10
WallLine128: 11617.89, -40502.10, 11617.89, -39902.10
WallLine129: 6967.89, -37002.10, 6317.89, -37002.10
WallLine130: 6967.89, -37102.10, 6317.89, -37102.10
WallLine131: 6967.89, -37002.10, 6967.89, -37102.10
WallLine132: 7117.89, -40302.10, 6317.89, -40302.10
WallLine133: 7117.89, -40502.10, 6117.89, -40502.10
WallLine134: 7117.89, -40302.10, 7117.89, -40502.10
WallLine135: 11617.89, -39902.10, 10967.89, -39902.10
WallLine136: 10967.89, -39902.10, 10967.89, -39702.10
WallLine137: 10967.89, -39702.10, 11617.89, -39702.10
WallLine138: 8117.89, -39702.10, 8567.89, -39702.10
WallLine139: 8567.89, -39702.10, 8567.89, -39902.10
WallLine140: 8567.89, -39902.10, 8117.89, -39902.10
WallLine141: 6667.89, -38852.10, 6567.89, -38852.10
WallLine142: 6667.89, -38952.10, 6667.89, -38952.10
WallLine143: 6667.89, -38852.10, 6667.89, -38952.10
WallLine144: 6317.89, -38852.10, 6317.89, -38002.10
WallLine145: 6117.89, -38952.10, 6117.89, -37902.10
WallLine146: 6817.89, -32402.10, 6317.89, -32402.10
WallLine147: 6917.89, -32602.10, 6317.89, -32602.10
WallLine148: 6917.89, -31802.10, 6117.89, -31802.10
WallLine149: 6817.89, -32002.10, 6317.89, -32002.10
WallLine150: 10817.89, -32602.10, 10367.89, -32602.10
WallLine151: 10367.89, -32602.10, 10367.89, -32402.10
WallLine152: 10367.89, -32402.10, 10817.89, -32402.10
WallLine153: 8117.89, -32402.10, 8567.89, -32402.10
WallLine154: 8567.89, -32402.10, 8567.89, -32602.10
WallLine155: 8567.89, -32602.10, 7917.89, -32602.10
WallLine156: 6117.89, -37002.10, 6117.89, -36902.10
WallLine157: 6117.89, -36902.10, 6317.89, -36902.10
WallLine158: 6317.89, -36902.10, 6317.89, -37002.10
WallLine159: 6317.89, -35452.10, 6317.89, -35852.10
WallLine160: 6317.89, -35852.10, 6117.89, -35852.10
WallLine161: 6117.89, -35852.10, 6117.89, -35352.10
WallLine162: 11017.89, -35702.10, 11017.89, -32602.10
WallLine163: 10817.89, -35802.10, 10817.89, -32602.10
WallLine164: 6317.89, -32402.10, 6317.89, -32002.10
WallLine165: 6117.89, -32502.10, 6117.89, -31802.10
WallLine166: 6317.89, -35252.10, 6317.89, -32602.10
WallLine167: 6117.89, -35352.10, 6117.89, -32502.10
WallLine168: 8117.89, -40402.10, 8117.89, -39902.10
WallLine169: 7917.89, -40302.10, 7917.89, -39902.10
WallLine170: 6317.89, -39702.10, 6317.89, -38952.10
WallLine171: 6117.89, -39802.10, 6117.89, -38952.10
WallLine172: 6667.89, -39702.10, 6667.89, -38952.10
WallLine173: 6567.89, -39702.10, 6567.89, -38952.10
WallLine174: 6567.89, -39702.10, 6317.89, -39702.10
WallLine175: 6567.89, -39902.10, 6317.89, -39902.10
WallLine176: 6567.89, -38852.10, 6317.89, -38852.10
WallLine177: 6567.89, -38952.10, 6317.89, -38952.10
WallLine178: 11717.89, -39702.10, 11717.89, -37002.10
WallLine179: 11617.89, -39702.10, 11617.89, -36902.10
WallLine180: 8117.89, -32402.10, 8117.89, -31202.10
WallLine181: 7917.89, -32602.10, 7917.89, -31202.10
WallLine182: 8117.89, -31202.10, 7917.89, -31202.10
WallLine183: 11017.89, -31802.10, 11017.89, -31202.10
WallLine184: 10817.89, -31902.10, 10817.89, -31202.10
WallLine185: 11017.89, -31202.10, 10817.89, -31202.10
WallLine186: 17217.89, -35802.10, 17217.89, -35602.10
WallLine187: 16617.89, -35602.10, 16617.89, -35802.10
WallLine188: 16617.89, -35802.10, 16517.89, -35802.10
WallLine189: 15317.89, -35802.10, 15017.89, -35802.10
WallLine190: 15017.89, -35802.10, 15017.89, -35602.10
WallLine191: 15017.89, -35602.10, 15317.89, -35602.10
WallLine192: 14017.89, -35602.10, 14117.89, -35602.10
WallLine193: 14117.89, -35602.10, 14117.89, -35802.10
WallLine194: 14117.89, -35802.10, 13917.89, -35802.10
WallLine195: 17417.89, -35702.10, 17417.89, -35002.10
WallLine196: 17217.89, -35602.10, 17217.89, -35002.10
WallLine197: 17417.89, -35002.10, 17217.89, -35002.10
WallLine198: 14217.89, -39800.10, 14217.89, -39700.10
WallLine199: 14017.89, -39702.10, 14017.89, -39702.10
WallLine200: 14017.89, -39702.10, 14117.89, -39702.10
WallLine201: 16417.89, -35602.10, 16267.89, -35602.10
WallLine202: 16517.89, -35802.10, 16267.89, -35802.10
WallLine203: 15417.89, -36902.10, 15417.89, -35802.10
WallLine204: 15317.89, -36902.10, 15317.89, -35802.10
WallLine205: 17217.89, -37902.10, 15417.89, -37902.10
WallLine206: 17217.89, -38002.10, 15317.89, -38002.10
WallLine207: 17417.89, -37902.10, 17417.89, -35702.10
WallLine208: 17217.89, -37902.10, 17217.89, -35802.10
WallLine209: 7997.89, -35352.10, 6917.89, -35352.10
WallLine210: 8017.89, -35452.10, 6917.89, -35452.10
WallLine211: 7917.89, -40302.10, 7717.89, -40302.10
WallLine212: 7917.89, -40502.10, 7717.89, -40502.10
WallLine213: 7717.89, -40302.10, 7717.89, -40502.10
WallLine214: 7917.89, -39902.10, 7917.89, -39702.10
WallLine215: 7917.89, -39702.10, 8017.89, -39702.10
WallLine216: 6667.89, -39702.10, 6667.89, -39902.10
WallLine217: 6667.89, -39902.10, 6567.89, -39902.10
WallLine218: 8017.89, -38002.10, 7977.89, -38002.10
WallLine219: 7977.89, -38002.10, 7977.89, -37902.10
WallLine220: 7977.89, -37902.10, 8017.89, -37902.10
WallLine221: 6317.89, -37902.10, 7177.89, -37902.10
WallLine222: 7177.89, -37902.10, 7177.89, -38002.10
WallLine223: 7177.89, -38002.10, 6317.89, -38002.10
WallLine224: 8117.89, -39702.10, 8117.89, -37900.10
WallLine225: 8017.89, -39702.10, 8017.89, -38002.10
WallLine226: 8117.89, -37900.10, 8117.89, -37002.10
WallLine227: 8017.89, -37902.10, 8017.89, -37002.10
WallLine228: 8117.89, -37002.10, 8017.89, -37002.10
WallLine229: 6317.89, -37902.10, 6317.89, -37102.10
WallLine230: 6117.89, -37902.10, 6117.89, -37002.10
WallLine231: 8117.89, -35802.10, 8117.89, -35352.10
WallLine232: 8017.89, -35802.10, 8017.89, -35452.10
WallLine233: 8117.89, -35802.10, 8017.89, -35802.10
WallLine234: 7997.89, -35352.10, 7997.89, -34712.10
WallLine235: 7997.89, -34712.10, 8117.89, -34712.10
WallLine236: 8117.89, -34712.10, 8117.89, -35352.10
WallLine237: 8117.89, -32602.10, 8117.89, -33112.10
WallLine238: 8117.89, -33112.10, 7997.89, -33112.10
WallLine239: 7997.89, -33112.10, 7997.89, -32602.10
WallLine240: 7997.89, -32602.10, 8117.89, -32602.10
WallLine241: 6917.89, -35352.10, 6917.89, -35252.10
WallLine242: 6917.89, -35252.10, 6317.89, -35252.10
WallLine243: 6917.89, -35452.10, 6317.89, -35452.10
WallLine244: 14517.89, -41902.10, 14217.89, -41902.10
WallLine245: 14617.89, -42102.10, 14017.89, -42102.10
WallLine246: 14517.89, -41502.10, 14517.89, -41902.10
WallLine247: 14617.89, -41502.10, 14617.89, -42102.10
WallLine248: 14517.89, -41502.10, 14617.89, -41502.10
WallLine249: 6817.89, -32002.10, 6817.89, -32402.10
WallLine250: 6917.89, -31802.10, 6917.89, -32602.10
WallLine251: 16167.89, -35802.10, 16167.89, -36052.10
WallLine252: 16267.89, -35802.10, 16267.89, -36152.10
WallLine253: 15417.89, -36152.10, 16267.89, -36152.10
WallLine254: 15417.89, -36052.10, 16167.89, -36052.10
WallLine255: 15417.89, -36152.10, 15417.89, -36052.10
WallLine256: 16267.89, -35602.10, 15317.89, -35602.10
WallLine257: 16167.89, -35802.10, 15417.89, -35802.10
WallLine258: 15317.89, -38002.10, 15317.89, -37862.10
WallLine259: 15317.89, -37862.10, 15417.89, -37862.10
WallLine260: 15417.89, -37862.10, 15417.89, -37902.10
WallLine261: 15417.89, -36902.10, 15417.89, -37062.10
WallLine262: 15417.89, -37062.10, 15317.89, -37062.10
WallLine263: 15317.89, -37062.10, 15317.89, -37002.10
WallLine264: 7962.89, -38057.10, 7962.89, -39647.10
WallLine265: 7962.89, -39647.10, 7862.89, -39647.10
WallLine266: 7862.89, -39647.10, 6722.89, -39647.10
WallLine267: 6722.89, -39647.10, 6722.89, -38797.10
WallLine268: 6722.89, -38797.10, 6372.89, -38797.10
WallLine269: 6372.89, -38797.10, 6372.89, -38057.10
WallLine270: 6372.89, -38057.10, 7962.89, -38057.10
WallLine271: 15472.89, -37847.10, 15472.89, -36207.10
WallLine272: 15472.89, -36207.10, 16322.89, -36207.10
WallLine273: 16322.89, -36207.10, 16322.89, -35857.10
WallLine274: 16322.89, -35857.10, 16672.89, -35857.10
WallLine275: 16672.89, -35857.10, 17162.89, -35857.10
WallLine276: 17162.89, -35857.10, 17162.89, -36867.10
WallLine277: 17162.89, -36867.10, 17162.89, -36997.10
WallLine278: 17162.89, -36997.10, 17162.89, -37847.10
WallLine279: 17162.89, -37847.10, 15472.89, -37847.10
WallLine280: 6747.89, -33702.10, 6872.88, -33702.10
WallLine281: 6872.88, -33702.10, 6872.88, -34602.10
WallLine282: 6872.88, -34602.10, 6747.89, -34602.10
WallLine283: 6747.89, -34602.10, 6747.89, -34697.10
WallLine284: 6747.89, -34697.10, 6972.89, -34697.10
WallLine285: 6972.89, -34697.10, 6972.89, -35297.10
WallLine286: 6972.89, -35297.10, 7942.89, -35297.10
WallLine287: 7942.89, -35297.10, 7942.89, -32657.10
WallLine288: 7942.89, -32657.10, 7862.89, -32657.10
WallLine289: 7862.89, -32657.10, 7862.89, -32627.10
WallLine290: 7862.89, -32627.10, 6972.89, -32627.10
WallLine291: 6972.89, -32627.10, 6972.89, -32657.10
WallLine292: 6972.89, -32657.10, 6747.89, -32657.10
WallLine293: 6747.89, -32657.10, 6747.89, -33702.10
WallLine294: 6317.89, -34802.10, 6867.89, -34802.10
WallLine295: 6867.89, -34802.10, 6867.89, -35252.10
WallLine296: 6317.89, -34752.10, 6917.89, -34752.10
WallLine297: 6917.89, -34752.10, 6917.89, -35252.10
WallLine298: 6317.89, -34752.10, 6317.89, -34802.10
WallLine299: 6317.89, -34802.10, 6867.89, -34802.10
WallLine300: 6867.89, -34802.10, 6867.89, -35252.10
WallLine301: 6867.89, -35252.10, 6917.89, -35252.10
WallLine302: 6917.89, -35252.10, 6917.89, -34752.10
WallLine303: 6917.89, -34752.10, 6317.89, -34752.10
