range: 1811796.40, -565824.07, 1832477.30, -549551.42
total: 238
WallLine1: 1826103.56, -561283.30, 1826103.56, -561083.30
WallLine2: 1819153.56, -556483.30, 1818334.00, -556483.30
WallLine3: 1818334.00, -556483.30, 1818334.00, -556183.30
WallLine4: 1818334.00, -556483.30, 1818334.00, -556183.30
WallLine5: 1822853.56, -555033.30, 1822853.56, -554183.30
WallLine6: 1822853.56, -555033.30, 1823153.56, -555033.30
WallLine7: 1822853.56, -555033.30, 1823153.56, -555033.30
WallLine8: 1825103.56, -554852.25, 1825103.56, -554852.25
WallLine9: 1826103.56, -561283.30, 1826103.56, -561083.30
WallLine10: 1826103.56, -561283.30, 1826103.56, -561083.30
WallLine11: 1826103.56, -561283.30, 1826103.56, -561083.30
WallLine12: 1825303.56, -552283.30, 1825303.56, -552183.30
WallLine13: 1825303.56, -552183.30, 1825103.56, -552183.30
WallLine14: 1825103.56, -552183.30, 1825103.56, -552283.30
WallLine15: 1825103.56, -552283.30, 1825303.56, -552283.30
WallLine16: 1819454.44, -556983.32, 1819454.44, -556783.32
WallLine17: 1819454.44, -556783.32, 1819354.44, -556783.32
WallLine18: 1819354.44, -556783.32, 1819354.44, -555983.32
WallLine19: 1819354.44, -555983.32, 1817254.44, -555983.32
WallLine20: 1817254.44, -555983.32, 1817254.44, -556583.32
WallLine21: 1817254.44, -556583.32, 1817454.44, -556583.32
WallLine22: 1817454.44, -556583.32, 1817454.44, -556183.32
WallLine23: 1817454.44, -556183.32, 1819154.44, -556183.32
WallLine24: 1819154.44, -556183.32, 1819154.44, -556983.32
WallLine25: 1819154.44, -556983.32, 1819454.44, -556983.32
WallLine26: 1819454.44, -556983.32, 1819354.44, -556983.32
WallLine27: 1819354.44, -556983.32, 1819454.44, -556983.32
WallLine28: 1823353.56, -556583.30, 1823353.56, -553983.30
WallLine29: 1823353.56, -553983.30, 1822853.56, -553983.30
WallLine30: 1822853.56, -553983.30, 1822853.56, -554183.30
WallLine31: 1822853.56, -554183.30, 1823153.56, -554183.30
WallLine32: 1823153.56, -554183.30, 1823153.56, -556583.30
WallLine33: 1823153.56, -556583.30, 1823153.56, -556783.30
WallLine34: 1823153.56, -556783.30, 1822753.56, -556783.30
WallLine35: 1822753.56, -556783.30, 1822753.56, -556983.30
WallLine36: 1822753.56, -556983.30, 1823353.56, -556983.30
WallLine37: 1823353.56, -556983.30, 1823353.56, -556583.30
WallLine38: 1823353.56, -556583.30, 1823353.56, -556583.30
WallLine39: 1819753.56, -554183.30, 1819153.56, -554183.30
WallLine40: 1819153.56, -554183.30, 1819153.56, -553883.30
WallLine41: 1819153.56, -553883.30, 1819753.56, -553883.30
WallLine42: 1819753.56, -554183.30, 1819753.56, -553883.30
WallLine43: 1823353.56, -552583.30, 1823153.56, -552583.30
WallLine44: 1823153.56, -552583.30, 1823153.56, -552283.30
WallLine45: 1823153.56, -552283.30, 1825103.56, -552283.30
WallLine46: 1825103.56, -552283.30, 1825103.56, -552183.30
WallLine47: 1825103.56, -552183.30, 1825303.56, -552183.30
WallLine48: 1825303.56, -552183.30, 1825303.56, -552483.30
WallLine49: 1825303.56, -552483.30, 1823353.56, -552483.30
WallLine50: 1823353.56, -552583.30, 1823353.56, -552483.30
WallLine51: 1823353.56, -561283.30, 1822553.56, -561283.30
WallLine52: 1822553.56, -561283.30, 1822553.56, -561083.30
WallLine53: 1822553.56, -561083.30, 1823153.56, -561083.30
WallLine54: 1823153.56, -561083.30, 1823153.56, -558783.30
WallLine55: 1823153.56, -558783.30, 1823353.56, -558783.30
WallLine56: 1823353.56, -558783.30, 1823353.56, -560983.30
WallLine57: 1823353.56, -560983.30, 1823653.56, -560983.30
WallLine58: 1823653.56, -560983.30, 1823653.56, -561283.30
WallLine59: 1823653.56, -561283.30, 1823353.56, -561283.30
WallLine60: 1823303.56, -561283.30, 1823303.56, -561283.30
WallLine61: 1819453.56, -556983.30, 1819453.56, -556783.30
WallLine62: 1819453.56, -556783.30, 1819353.56, -556783.30
WallLine63: 1819353.56, -556783.30, 1819353.56, -555983.30
WallLine64: 1819353.56, -555983.30, 1817253.56, -555983.30
WallLine65: 1817253.56, -555983.30, 1817253.56, -556583.30
WallLine66: 1817253.56, -556583.30, 1817453.56, -556583.30
WallLine67: 1817453.56, -556583.30, 1817453.56, -556183.30
WallLine68: 1817453.56, -556183.30, 1819153.56, -556183.30
WallLine69: 1819153.56, -556183.30, 1819153.56, -556983.30
WallLine70: 1819153.56, -556983.30, 1819453.56, -556983.30
WallLine71: 1819453.56, -556983.30, 1819353.56, -556983.30
WallLine72: 1819453.56, -556983.30, 1819353.56, -556983.30
WallLine73: 1818053.56, -561283.30, 1818053.56, -561083.30
WallLine74: 1818053.56, -561083.30, 1817453.56, -561083.30
WallLine75: 1817453.56, -561083.30, 1817453.56, -559583.30
WallLine76: 1817453.56, -559583.30, 1817253.56, -559583.30
WallLine77: 1817253.56, -559583.30, 1817253.56, -561283.30
WallLine78: 1817253.56, -561283.30, 1818053.56, -561283.30
WallLine79: 1820453.56, -561063.30, 1818033.56, -561063.30
WallLine80: 1820553.56, -561063.20, 1822573.56, -561063.30
WallLine81: 1819353.56, -556003.30, 1819373.56, -556003.30
WallLine82: 1819373.56, -556003.30, 1819373.56, -554763.30
WallLine83: 1819373.56, -554763.30, 1819353.56, -554763.30
WallLine84: 1821753.56, -556883.30, 1821803.56, -556883.30
WallLine85: 1821803.56, -556883.30, 1821803.56, -556983.30
WallLine86: 1823353.56, -556983.30, 1822579.56, -556983.30
WallLine87: 1822579.56, -556883.30, 1823153.56, -556883.30
WallLine88: 1822753.56, -561283.30, 1822553.56, -561283.30
WallLine89: 1822553.56, -561283.30, 1822553.56, -561083.30
WallLine90: 1820553.56, -558083.30, 1820653.56, -558083.30
WallLine91: 1820653.56, -558083.30, 1820653.56, -558183.30
WallLine92: 1820653.56, -558183.30, 1820553.56, -558183.30
WallLine93: 1823153.56, -558183.30, 1821564.23, -558183.30
WallLine94: 1821564.23, -558183.30, 1821564.23, -558083.30
WallLine95: 1821564.23, -558083.30, 1823353.56, -558083.30
WallLine96: 1817453.56, -556183.30, 1818653.56, -556183.30
WallLine97: 1817253.56, -555983.30, 1818553.56, -555983.30
WallLine98: 1817253.56, -558183.30, 1817253.56, -557983.30
WallLine99: 1817253.56, -557983.30, 1817453.56, -557983.30
WallLine100: 1817453.56, -557983.30, 1817453.56, -558083.30
WallLine101: 1817453.56, -556183.30, 1817453.56, -557183.30
WallLine102: 1817453.56, -557183.30, 1817253.56, -557183.30
WallLine103: 1817253.56, -557183.30, 1817253.56, -555983.30
WallLine104: 1820553.56, -561883.30, 1820453.56, -561883.30
WallLine105: 1820453.56, -561883.30, 1820453.56, -561683.30
WallLine106: 1817253.56, -561283.30, 1817853.56, -561283.30
WallLine107: 1817453.56, -561083.30, 1818053.56, -561083.30
WallLine108: 1817453.56, -561083.30, 1817453.56, -558183.30
WallLine109: 1817253.56, -561283.30, 1817253.56, -558183.30
WallLine110: 1818053.56, -561083.30, 1818053.56, -561283.30
WallLine111: 1818053.56, -561283.30, 1817853.56, -561283.30
WallLine112: 1823353.56, -561083.30, 1823353.56, -558083.30
WallLine113: 1823153.56, -561083.30, 1823153.56, -558183.30
WallLine114: 1823353.56, -561083.30, 1823653.56, -561083.30
WallLine115: 1823653.56, -561083.30, 1823653.56, -561283.30
WallLine116: 1823653.56, -561283.30, 1823253.56, -561283.30
WallLine117: 1826753.56, -561283.30, 1826103.56, -561283.30
WallLine118: 1826103.56, -561283.30, 1826103.56, -561083.30
WallLine119: 1826103.56, -561083.30, 1826753.56, -561083.30
WallLine120: 1822753.56, -561283.30, 1823253.56, -561283.30
WallLine121: 1822553.56, -561083.30, 1823153.56, -561083.30
WallLine122: 1818553.56, -555983.30, 1818753.56, -555983.30
WallLine123: 1819353.56, -554783.30, 1819153.56, -554783.30
WallLine124: 1819153.56, -554783.30, 1819153.56, -554583.30
WallLine125: 1819253.56, -558083.30, 1817453.56, -558083.30
WallLine126: 1819353.56, -556983.30, 1820453.56, -556983.30
WallLine127: 1819353.56, -556883.30, 1820453.56, -556883.30
WallLine128: 1818653.56, -556183.30, 1819153.56, -556183.30
WallLine129: 1818753.56, -555983.30, 1819353.56, -555983.30
WallLine130: 1819353.56, -554783.30, 1819353.56, -554183.30
WallLine131: 1819153.56, -554583.30, 1819153.56, -553983.30
WallLine132: 1819353.56, -554183.30, 1821653.56, -554183.30
WallLine133: 1819153.56, -553983.30, 1821653.56, -553983.30
WallLine134: 1820453.56, -558183.30, 1820453.56, -557983.30
WallLine135: 1820453.56, -557983.30, 1820553.56, -557983.30
WallLine136: 1820553.56, -557983.30, 1820553.56, -558083.30
WallLine137: 1820553.56, -556983.30, 1820553.56, -557083.30
WallLine138: 1820553.56, -557083.30, 1820453.56, -557083.30
WallLine139: 1820453.56, -557083.30, 1820453.56, -556983.30
WallLine140: 1819253.56, -558083.30, 1819253.56, -557963.30
WallLine141: 1819253.56, -557963.30, 1819353.56, -557963.30
WallLine142: 1819353.56, -557963.30, 1819353.56, -558183.30
WallLine143: 1819353.56, -556983.30, 1819353.56, -557163.30
WallLine144: 1819353.56, -557163.30, 1819253.56, -557163.30
WallLine145: 1819253.56, -557163.30, 1819253.56, -556983.30
WallLine146: 1820553.56, -556883.30, 1820653.56, -556883.30
WallLine147: 1820653.56, -556883.30, 1820653.56, -556983.30
WallLine148: 1820653.56, -556983.30, 1820553.56, -556983.30
WallLine149: 1821803.56, -556983.30, 1821553.56, -556983.30
WallLine150: 1821553.56, -556983.30, 1821553.56, -556883.30
WallLine151: 1821553.56, -556883.30, 1821653.56, -556883.30
WallLine152: 1819353.56, -556883.30, 1819353.56, -555983.30
WallLine153: 1819253.56, -556983.30, 1819153.56, -556983.30
WallLine154: 1819153.56, -556983.30, 1819153.56, -556183.30
WallLine155: 1823353.56, -552483.30, 1823353.56, -553383.30
WallLine156: 1823353.56, -553383.30, 1823153.56, -553383.30
WallLine157: 1823153.56, -553383.30, 1823153.56, -552283.30
WallLine158: 1823153.56, -553983.30, 1823353.56, -553983.30
WallLine159: 1823353.56, -553983.30, 1823353.56, -554083.30
WallLine160: 1821653.56, -553983.30, 1821853.56, -553983.30
WallLine161: 1821853.56, -553983.30, 1821853.56, -554183.30
WallLine162: 1821853.56, -554183.30, 1821753.56, -554183.30
WallLine163: 1823153.56, -554183.30, 1822653.56, -554183.30
WallLine164: 1822653.56, -554183.30, 1822653.56, -553983.30
WallLine165: 1822653.56, -553983.30, 1823153.56, -553983.30
WallLine166: 1823353.56, -556983.30, 1823353.56, -554983.30
WallLine167: 1823153.56, -556883.30, 1823153.56, -554883.30
WallLine168: 1825303.56, -552283.30, 1823153.56, -552283.30
WallLine169: 1825203.56, -552483.30, 1823353.56, -552483.30
WallLine170: 1821753.56, -556883.30, 1821753.56, -554183.30
WallLine171: 1821653.56, -556883.30, 1821653.56, -554183.30
WallLine172: 1825203.56, -554982.25, 1825033.56, -554982.25
WallLine173: 1825103.56, -554852.25, 1825103.56, -554852.25
WallLine174: 1823356.06, -554852.25, 1823433.56, -554852.25
WallLine175: 1823433.56, -554982.25, 1823353.56, -554982.25
WallLine176: 1826953.56, -561183.30, 1826953.56, -552682.25
WallLine177: 1826753.56, -561083.30, 1826753.56, -552882.25
WallLine178: 1826753.56, -552882.25, 1826403.56, -552882.25
WallLine179: 1826403.56, -552882.25, 1826403.56, -552682.25
WallLine180: 1826403.56, -552682.25, 1826953.56, -552682.25
WallLine181: 1825303.56, -552682.25, 1825353.56, -552682.25
WallLine182: 1825353.56, -552682.25, 1825353.56, -552882.25
WallLine183: 1825353.56, -552882.25, 1825203.56, -552882.25
WallLine184: 1826953.56, -562513.30, 1826953.56, -561183.30
WallLine185: 1826753.56, -562513.30, 1826753.56, -561283.30
WallLine186: 1826953.56, -562513.30, 1826753.56, -562513.30
WallLine187: 1825103.56, -552483.30, 1825103.56, -554852.25
WallLine188: 1825203.56, -552882.25, 1825203.56, -554983.30
WallLine189: 1820553.56, -556883.30, 1820553.56, -556883.30
WallLine190: 1820453.56, -556883.30, 1820453.56, -556883.30
WallLine191: 1820553.56, -556883.30, 1820453.56, -556883.30
WallLine192: 1820553.56, -561683.30, 1820553.56, -558183.30
WallLine193: 1820453.56, -561683.30, 1820453.56, -558183.30
WallLine194: 1823353.56, -554883.30, 1823353.56, -554083.30
WallLine195: 1823153.56, -554883.30, 1823153.56, -554183.30
WallLine196: 1819353.56, -558183.30, 1817453.56, -558183.30
WallLine197: 1818033.56, -561083.30, 1818033.56, -561063.30
WallLine198: 1822573.56, -561083.30, 1822573.56, -561063.30
WallLine199: 1825303.56, -552682.25, 1825303.56, -552483.30
WallLine200: 1825033.56, -554852.25, 1825103.56, -554852.25
WallLine201: 1817453.56, -557183.30, 1817253.56, -557183.30
WallLine202: 1822653.56, -554183.30, 1822653.56, -553983.30
WallLine203: 1823153.56, -553983.30, 1823353.56, -553983.30
WallLine204: 1823353.56, -553383.30, 1823153.56, -553383.30
WallLine205: 1823353.56, -553383.30, 1823153.56, -553383.30
WallLine206: 1823693.56, -561155.80, 1824753.56, -561155.80
WallLine207: 1823693.56, -561150.80, 1824753.56, -561150.80
WallLine208: 1823693.56, -561210.80, 1824753.56, -561210.80
WallLine209: 1823693.56, -561215.80, 1824753.56, -561215.80
WallLine210: 1824753.56, -561126.30, 1823713.56, -561126.30
WallLine211: 1824753.56, -561128.30, 1823713.56, -561128.30
WallLine212: 1824508.55, -561128.30, 1823713.56, -561128.30
WallLine213: 1824368.56, -561188.30, 1823713.56, -561188.30
WallLine214: 1824508.55, -561178.30, 1823713.56, -561178.30
WallLine215: 1823655.56, -561128.30, 1823691.56, -561238.30
WallLine216: 1823691.56, -561128.30, 1823655.56, -561238.30
WallLine217: 1826063.56, -561155.80, 1823693.56, -561155.80
WallLine218: 1826063.56, -561150.80, 1823693.56, -561150.80
WallLine219: 1826063.56, -561210.80, 1823693.56, -561210.80
WallLine220: 1826063.56, -561215.80, 1823693.56, -561215.80
WallLine221: 1823713.56, -561126.30, 1826043.56, -561126.30
WallLine222: 1823713.56, -561128.30, 1826045.56, -561128.30
WallLine223: 1823713.56, -561128.30, 1826043.56, -561128.30
WallLine224: 1823713.52, -561240.30, 1826043.56, -561240.30
WallLine225: 1823713.56, -561238.30, 1826043.56, -561238.30
WallLine226: 1823713.56, -561188.30, 1826043.56, -561188.30
WallLine227: 1823713.56, -561178.30, 1826043.56, -561178.30
WallLine228: 1826101.56, -561128.30, 1826065.56, -561238.30
WallLine229: 1826065.56, -561128.30, 1826101.56, -561238.30
WallLine230: 1825903.57, -561128.30, 1826043.56, -561128.30
WallLine231: 1825903.57, -561178.30, 1826043.56, -561178.30
WallLine232: 1823373.56, -552503.30, 1823710.18, -552618.54
WallLine233: 1823710.18, -552618.54, 1823776.56, -552906.30
WallLine234: 1819153.56, -556383.30, 1818434.00, -556383.30
WallLine235: 1818434.00, -556383.30, 1818434.00, -556183.30
WallLine236: 1817453.56, -556183.30, 1818334.00, -556183.30
WallLine237: 1822953.56, -554933.30, 1822953.56, -554183.30
WallLine238: 1822953.56, -554933.30, 1823153.56, -554933.30
