range: 20912.97, -2533.49, 41537.81, 13739.16
total: 379
WallLine1: 27176.02, 3018.06, 24926.02, 3018.06
WallLine2: 24926.02, 3018.06, 24926.02, 3218.06
WallLine3: 24926.02, 3218.06, 26976.02, 3218.06
WallLine4: 26976.02, 3218.06, 26976.02, 3568.06
WallLine5: 26976.02, 3568.06, 27176.02, 3568.06
WallLine6: 27176.02, 3568.06, 27176.02, 3018.06
WallLine7: 31348.33, 4517.33, 30276.02, 3445.02
WallLine8: 30276.02, 3445.02, 30276.02, 3318.06
WallLine9: 30276.02, 3318.06, 30076.02, 3318.06
WallLine10: 30076.02, 3318.06, 30076.02, 3527.86
WallLine11: 30076.02, 3527.86, 30570.51, 4022.35
WallLine12: 30570.51, 4022.35, 29014.88, 5577.99
WallLine13: 29014.88, 5577.99, 28926.02, 5489.13
WallLine14: 28926.02, 5489.13, 28926.02, 5171.97
WallLine15: 28926.02, 5171.97, 28726.02, 5171.97
WallLine16: 28726.02, 5171.97, 28726.02, 5571.97
WallLine17: 28726.02, 5571.97, 29474.50, 6320.45
WallLine18: 29474.50, 6320.45, 29615.92, 6179.03
WallLine19: 29615.92, 6179.03, 29156.30, 5719.41
WallLine20: 29156.30, 5719.41, 30711.93, 4163.77
WallLine21: 30711.93, 4163.77, 31206.91, 4658.75
WallLine22: 31206.91, 4658.75, 31348.33, 4517.33
WallLine23: 34476.02, 9498.06, 34476.02, 9468.06
WallLine24: 34476.02, 9468.06, 34476.02, 9268.06
WallLine25: 34476.02, 9268.06, 34676.02, 9268.06
WallLine26: 34676.02, 9268.06, 34676.02, 8068.06
WallLine27: 34676.02, 8068.06, 34616.22, 8068.06
WallLine28: 34616.22, 8068.06, 34176.76, 7628.60
WallLine29: 34176.76, 7628.60, 32621.12, 9184.23
WallLine30: 32621.12, 9184.23, 32704.95, 9268.06
WallLine31: 32704.95, 9268.06, 32776.02, 9268.06
WallLine32: 32776.02, 9268.06, 32776.02, 9468.06
WallLine33: 32776.02, 9468.06, 32622.11, 9468.06
WallLine34: 32622.11, 9468.06, 31984.72, 8830.68
WallLine35: 31984.72, 8830.68, 32126.15, 8689.26
WallLine36: 32126.15, 8689.26, 32479.70, 9042.81
WallLine37: 32479.70, 9042.81, 34035.33, 7487.18
WallLine38: 34035.33, 7487.18, 33611.07, 7062.91
WallLine39: 33611.07, 7062.91, 33752.49, 6921.49
WallLine40: 33752.49, 6921.49, 34699.06, 7868.06
WallLine41: 34699.06, 7868.06, 34876.02, 7868.06
WallLine42: 34876.02, 7868.06, 34876.02, 9468.06
WallLine43: 34876.02, 9468.06, 34476.02, 9467.47
WallLine44: 34476.02, 9467.47, 34476.02, 9498.06
WallLine45: 36226.02, 7868.06, 36226.02, 5859.49
WallLine46: 36226.02, 5859.49, 35689.62, 5323.09
WallLine47: 35689.62, 5323.09, 35831.04, 5181.67
WallLine48: 35831.04, 5181.67, 36367.44, 5718.06
WallLine49: 36367.44, 5718.06, 37026.02, 5718.06
WallLine50: 37026.02, 5718.06, 37026.02, 5918.06
WallLine51: 37026.02, 5918.06, 36426.02, 5918.06
WallLine52: 36426.02, 5918.06, 36426.02, 8068.06
WallLine53: 36426.02, 8068.06, 36226.02, 8068.06
WallLine54: 36226.02, 8068.06, 36126.02, 8068.06
WallLine55: 36126.02, 8068.06, 36126.02, 7868.06
WallLine56: 36126.02, 7868.06, 36226.02, 7868.06
WallLine57: 36226.02, 7868.06, 36226.02, 7868.06
WallLine58: 27176.02, 7557.51, 27176.02, 5918.06
WallLine59: 27176.02, 5918.06, 26976.02, 5918.06
WallLine60: 26976.02, 5918.06, 26976.02, 7518.06
WallLine61: 26976.02, 7518.06, 26676.02, 7518.06
WallLine62: 26676.02, 7518.06, 26676.02, 7718.06
WallLine63: 26676.02, 7718.06, 27053.73, 7718.06
WallLine64: 27053.73, 7718.06, 27353.18, 8017.51
WallLine65: 27353.18, 8017.51, 27494.60, 7876.09
WallLine66: 27494.60, 7876.09, 27176.02, 7557.51
WallLine67: 23726.02, 1518.06, 23526.02, 1518.06
WallLine68: 23526.02, 1518.06, 23526.02, 1818.06
WallLine69: 23526.02, 1818.06, 25476.02, 1818.06
WallLine70: 25476.02, 1818.06, 25476.02, 1918.06
WallLine71: 25476.02, 1918.06, 25676.02, 1918.06
WallLine72: 25676.02, 1918.06, 25676.02, 1618.06
WallLine73: 25676.02, 1618.06, 23726.02, 1618.06
WallLine74: 23726.02, 1618.06, 23726.02, 1518.06
WallLine75: 29899.19, 10704.94, 30333.02, 11138.77
WallLine76: 30333.02, 11138.77, 30526.02, 11138.77
WallLine77: 30526.02, 11138.77, 30526.02, 10907.51
WallLine78: 30526.02, 10907.51, 30111.32, 10492.81
WallLine79: 30111.32, 10492.81, 29899.19, 10704.94
WallLine80: 32326.02, 1618.06, 32326.02, 1518.06
WallLine81: 32326.02, 1518.06, 32126.02, 1518.06
WallLine82: 32126.02, 1518.06, 32126.02, 1618.06
WallLine83: 32126.02, 1618.06, 30076.02, 1618.06
WallLine84: 30076.02, 1618.06, 30076.02, 1818.06
WallLine85: 30076.02, 1818.06, 30076.02, 2018.06
WallLine86: 30076.02, 2018.06, 30276.02, 2018.06
WallLine87: 30276.02, 2018.06, 30276.02, 1818.06
WallLine88: 30276.02, 1818.06, 32184.60, 1818.06
WallLine89: 32184.60, 1818.06, 32720.99, 2354.46
WallLine90: 32720.99, 2354.46, 32862.42, 2213.04
WallLine91: 32862.42, 2213.04, 32326.02, 1676.64
WallLine92: 32326.02, 1676.64, 32326.02, 1618.06
WallLine93: 36226.02, 7868.06, 36226.02, 5859.49
WallLine94: 36226.02, 5859.49, 35689.62, 5323.09
WallLine95: 35689.62, 5323.09, 35831.04, 5181.67
WallLine96: 35831.04, 5181.67, 36367.44, 5718.06
WallLine97: 36367.44, 5718.06, 37026.02, 5718.06
WallLine98: 37026.02, 5718.06, 37026.02, 5918.06
WallLine99: 37026.02, 5918.06, 36426.02, 5918.06
WallLine100: 36426.02, 5918.06, 36426.02, 8068.06
WallLine101: 36426.02, 8068.06, 36226.02, 8068.06
WallLine102: 36226.02, 8068.06, 36126.02, 8068.06
WallLine103: 36126.02, 8068.06, 36126.02, 7868.06
WallLine104: 36126.02, 7868.06, 36226.02, 7868.06
WallLine105: 36226.02, 7868.06, 36226.02, 7868.06
WallLine106: 27176.02, 3218.06, 27176.02, 3568.06
WallLine107: 27176.02, 3568.06, 26976.02, 3568.06
WallLine108: 26976.02, 3568.06, 26976.02, 3218.06
WallLine109: 26976.02, 3218.06, 24926.02, 3218.06
WallLine110: 24926.02, 3218.06, 24926.02, 3018.06
WallLine111: 24926.02, 3018.06, 27176.02, 3018.06
WallLine112: 27176.02, 3218.06, 27176.02, 3018.06
WallLine113: 27176.02, 7557.51, 27176.02, 5918.06
WallLine114: 27176.02, 5918.06, 26976.02, 5918.06
WallLine115: 26976.02, 5918.06, 26976.02, 7518.06
WallLine116: 26976.02, 7518.06, 26676.02, 7518.06
WallLine117: 26676.02, 7518.06, 26676.02, 7718.06
WallLine118: 26676.02, 7718.06, 27053.73, 7718.06
WallLine119: 27053.73, 7718.06, 27353.18, 8017.51
WallLine120: 27353.18, 8017.51, 27494.60, 7876.09
WallLine121: 27494.60, 7876.09, 27176.02, 7557.51
WallLine122: 27176.02, 7557.51, 27176.02, 7557.51
WallLine123: 29899.19, 10704.94, 30333.02, 11138.77
WallLine124: 30333.02, 11138.77, 30526.02, 11138.77
WallLine125: 30526.02, 11138.77, 30526.02, 10907.51
WallLine126: 30526.02, 10907.51, 30111.32, 10492.81
WallLine127: 29899.19, 10704.94, 30111.32, 10492.81
WallLine128: 32326.02, 1618.06, 32326.02, 1518.06
WallLine129: 32326.02, 1518.06, 32126.02, 1518.06
WallLine130: 32126.02, 1518.06, 32126.02, 1618.06
WallLine131: 32126.02, 1618.06, 32126.02, 1618.06
WallLine132: 32126.02, 1618.06, 30076.02, 1618.06
WallLine133: 30076.02, 1618.06, 30076.02, 1818.06
WallLine134: 30076.02, 1818.06, 30076.02, 2018.06
WallLine135: 30076.02, 2018.06, 30276.02, 2018.06
WallLine136: 30276.02, 2018.06, 30276.02, 1818.06
WallLine137: 30276.02, 1818.06, 32184.60, 1818.06
WallLine138: 32184.60, 1818.06, 32720.99, 2354.46
WallLine139: 32720.99, 2354.46, 32862.42, 2213.04
WallLine140: 32862.42, 2213.04, 32326.02, 1676.64
WallLine141: 32326.02, 1676.64, 32326.02, 1618.06
WallLine142: 32326.02, 1618.06, 32326.02, 1618.06
WallLine143: 29474.50, 6320.45, 29615.92, 6179.03
WallLine144: 29615.92, 6179.03, 29156.30, 5719.41
WallLine145: 29156.30, 5719.41, 30711.93, 4163.77
WallLine146: 30711.93, 4163.77, 31206.91, 4658.75
WallLine147: 31206.91, 4658.75, 31348.33, 4517.33
WallLine148: 31348.33, 4517.33, 30276.02, 3445.02
WallLine149: 30276.02, 3445.02, 30276.02, 3318.06
WallLine150: 30276.02, 3318.06, 30076.02, 3318.06
WallLine151: 30076.02, 3318.06, 30076.02, 3527.86
WallLine152: 30076.02, 3527.86, 30570.51, 4022.35
WallLine153: 30570.51, 4022.35, 29014.88, 5577.99
WallLine154: 29014.88, 5577.99, 28926.02, 5489.13
WallLine155: 28926.02, 5489.13, 28926.02, 5171.97
WallLine156: 28926.02, 5171.97, 28726.02, 5171.97
WallLine157: 28726.02, 5171.97, 28726.02, 5571.97
WallLine158: 29474.50, 6320.45, 28726.02, 5571.97
WallLine159: 34699.06, 7868.06, 34876.02, 7868.06
WallLine160: 34876.02, 7868.06, 34876.02, 8068.06
WallLine161: 34876.02, 8068.06, 34876.02, 8068.06
WallLine162: 34876.02, 8068.06, 34876.02, 9468.06
WallLine163: 34876.02, 9468.06, 34476.02, 9468.06
WallLine164: 34476.02, 9468.06, 34476.02, 9268.06
WallLine165: 34476.02, 9268.06, 34676.02, 9268.06
WallLine166: 34676.02, 9268.06, 34676.02, 8068.06
WallLine167: 34676.02, 8068.06, 34616.22, 8068.06
WallLine168: 34616.22, 8068.06, 34176.76, 7628.60
WallLine169: 34176.76, 7628.60, 32621.12, 9184.23
WallLine170: 32621.12, 9184.23, 32704.95, 9268.06
WallLine171: 32704.95, 9268.06, 32776.02, 9268.06
WallLine172: 32776.02, 9268.06, 32776.02, 9468.06
WallLine173: 32776.02, 9468.06, 32622.11, 9468.06
WallLine174: 32622.11, 9468.06, 31984.72, 8830.68
WallLine175: 31984.72, 8830.68, 32126.15, 8689.26
WallLine176: 32126.15, 8689.26, 32479.70, 9042.81
WallLine177: 32479.70, 9042.81, 34035.33, 7487.18
WallLine178: 34035.33, 7487.18, 33611.07, 7062.91
WallLine179: 33611.07, 7062.91, 33752.49, 6921.49
WallLine180: 34699.06, 7868.06, 33752.49, 6921.49
WallLine181: 30726.02, 1618.06, 30346.63, 1474.20
WallLine182: 30346.63, 1474.20, 30226.02, 1118.06
WallLine183: 30726.02, 1118.06, 30226.02, 1118.06
WallLine184: 30226.02, 1118.06, 30226.02, 1618.06
WallLine185: 30226.02, 1618.06, 30726.02, 1618.06
WallLine186: 30726.02, 1118.06, 30726.02, 1618.06
WallLine187: 30676.02, 1168.06, 30276.02, 1168.06
WallLine188: 30276.02, 1168.06, 30276.02, 1568.06
WallLine189: 30276.02, 1568.06, 30676.02, 1568.06
WallLine190: 30676.02, 1168.06, 30676.02, 1568.06
WallLine191: 28779.61, 1818.06, 30926.02, 1818.06
WallLine192: 28979.61, 1615.95, 30726.02, 1618.06
WallLine193: 27326.02, 1215.95, 27691.02, 1215.95
WallLine194: 27691.02, 1215.95, 27691.02, 1415.95
WallLine195: 27691.02, 1415.95, 27126.02, 1415.95
WallLine196: 27691.02, 1215.95, 26776.02, 1215.95
WallLine197: 26776.02, 1215.95, 26776.02, 1415.95
WallLine198: 26776.02, 1415.95, 27326.02, 1415.95
WallLine199: 32076.02, 1618.06, 31776.02, 1618.06
WallLine200: 26976.02, 7518.06, 26976.02, 7118.06
WallLine201: 24926.02, 1818.06, 24926.02, 3018.06
WallLine202: 24926.02, 3018.06, 24926.02, 1818.06
WallLine203: 25026.02, 3018.06, 25026.02, 1818.06
WallLine204: 30276.02, 1818.06, 32184.60, 1818.06
WallLine205: 30076.02, 1618.06, 32267.44, 1618.06
WallLine206: 28726.02, 3318.06, 29001.02, 3318.06
WallLine207: 29001.02, 3318.06, 29001.02, 3518.06
WallLine208: 29001.02, 3518.06, 28926.02, 3518.06
WallLine209: 30076.02, 3518.06, 30001.02, 3518.06
WallLine210: 30001.02, 3518.06, 30001.02, 3318.06
WallLine211: 30001.02, 3318.06, 30076.02, 3318.06
WallLine212: 27176.02, 5430.55, 27351.02, 5430.55
WallLine213: 27351.02, 5430.55, 27351.02, 5630.55
WallLine214: 27351.02, 5630.55, 27176.02, 5630.55
WallLine215: 28784.60, 5630.55, 28551.02, 5630.55
WallLine216: 28551.02, 5630.55, 28551.02, 5430.55
WallLine217: 28551.02, 5430.55, 28726.02, 5430.55
WallLine218: 27176.02, 3018.06, 25676.02, 3018.06
WallLine219: 26976.02, 3218.06, 25576.02, 3218.06
WallLine220: 27053.73, 7718.06, 26476.02, 7718.06
WallLine221: 26476.02, 7718.06, 26476.02, 7518.06
WallLine222: 26476.02, 7518.06, 26976.02, 7518.06
WallLine223: 32176.02, 10868.06, 32976.02, 10868.06
WallLine224: 30486.58, 10868.06, 30726.02, 10868.06
WallLine225: 30726.02, 10868.06, 30726.02, 11068.06
WallLine226: 30726.02, 11068.06, 30526.02, 11068.06
WallLine227: 35026.02, 11068.06, 33776.02, 11068.06
WallLine228: 32076.02, 11068.06, 31726.02, 11068.06
WallLine229: 31726.02, 11068.06, 31726.02, 10868.06
WallLine230: 31726.02, 10868.06, 32176.02, 10868.06
WallLine231: 36826.02, 5718.06, 37026.02, 5718.06
WallLine232: 37026.02, 5718.06, 37026.02, 5918.06
WallLine233: 36426.02, 5918.06, 37026.02, 5918.06
WallLine234: 36367.44, 5718.06, 36826.02, 5718.06
WallLine235: 36226.02, 5859.49, 36226.02, 7868.06
WallLine236: 36426.02, 5918.06, 36426.02, 7968.06
WallLine237: 36226.02, 10868.06, 36226.02, 10268.06
WallLine238: 36226.02, 10268.06, 36426.02, 10268.06
WallLine239: 36426.02, 10268.06, 36426.02, 11068.06
WallLine240: 36426.02, 9268.06, 36226.02, 9268.06
WallLine241: 36226.02, 9268.06, 36226.02, 9118.06
WallLine242: 29969.90, 10634.23, 30111.32, 10492.81
WallLine243: 30111.32, 10492.81, 30486.58, 10868.06
WallLine244: 27176.02, 7557.51, 27777.87, 8159.36
WallLine245: 27777.87, 8159.36, 27636.45, 8300.78
WallLine246: 27636.45, 8300.78, 27053.73, 7718.06
WallLine247: 28926.02, 5489.13, 28926.02, 3518.06
WallLine248: 28726.02, 5430.55, 28726.02, 3318.06
WallLine249: 36226.02, 5859.49, 35618.91, 5252.38
WallLine250: 35618.91, 5252.38, 35760.33, 5110.96
WallLine251: 35760.33, 5110.96, 36367.44, 5718.06
WallLine252: 32267.44, 1618.06, 33062.42, 2413.04
WallLine253: 33062.42, 2413.04, 32920.99, 2554.46
WallLine254: 32920.99, 2554.46, 32184.60, 1818.06
WallLine255: 34911.81, 4545.27, 33769.52, 3402.99
WallLine256: 33769.52, 3402.99, 33910.94, 3261.57
WallLine257: 33910.94, 3261.57, 35053.23, 4403.85
WallLine258: 35053.23, 4403.85, 34911.81, 4545.27
WallLine259: 32704.95, 9268.06, 32621.12, 9184.23
WallLine260: 32622.11, 9468.06, 32408.99, 9254.94
WallLine261: 32704.95, 9268.06, 32776.02, 9268.06
WallLine262: 32776.02, 9268.06, 32776.02, 9468.06
WallLine263: 32776.02, 9468.06, 32622.11, 9468.06
WallLine264: 33676.02, 9468.06, 32776.02, 9468.06
WallLine265: 32776.02, 9468.06, 32776.02, 9268.06
WallLine266: 32776.02, 9268.06, 33776.02, 9268.06
WallLine267: 36226.02, 8068.06, 36226.02, 9118.06
WallLine268: 36426.02, 7968.06, 36426.02, 9268.06
WallLine269: 32408.99, 5860.83, 30853.35, 7416.47
WallLine270: 32550.41, 6002.25, 30994.77, 7557.89
WallLine271: 34035.33, 7487.18, 32479.70, 9042.81
WallLine272: 34176.76, 7628.60, 32621.12, 9184.23
WallLine273: 34247.47, 7416.47, 32621.12, 5790.12
WallLine274: 34035.33, 7487.18, 32550.41, 6002.25
WallLine275: 32408.99, 9254.94, 31984.72, 8830.68
WallLine276: 31984.72, 8830.68, 32126.15, 8689.26
WallLine277: 32126.15, 8689.26, 32479.70, 9042.81
WallLine278: 30994.77, 7557.89, 31348.33, 7911.44
WallLine279: 31348.33, 7911.44, 31206.91, 8052.86
WallLine280: 31206.91, 8052.86, 30782.64, 7628.60
WallLine281: 32976.02, 10868.06, 32976.02, 10668.06
WallLine282: 32976.02, 10668.06, 33176.02, 10668.06
WallLine283: 33176.02, 10668.06, 33176.02, 10868.06
WallLine284: 33776.02, 9268.06, 34676.02, 9268.06
WallLine285: 33176.02, 10868.06, 34776.02, 10868.06
WallLine286: 34776.02, 10868.06, 35026.02, 10868.06
WallLine287: 35026.02, 10868.06, 35026.02, 11068.06
WallLine288: 36326.02, 11068.06, 36226.02, 11068.06
WallLine289: 36226.02, 11068.06, 36226.02, 10868.06
WallLine290: 34676.02, 8068.06, 34676.02, 9268.06
WallLine291: 34876.02, 8068.06, 34876.02, 9468.06
WallLine292: 36326.02, 11068.06, 36426.02, 11068.06
WallLine293: 26976.02, 4718.06, 26976.02, 4568.06
WallLine294: 26976.02, 4568.06, 27176.02, 4568.06
WallLine295: 27176.02, 4568.06, 27176.02, 4818.06
WallLine296: 27176.02, 3018.06, 27176.02, 3568.06
WallLine297: 27176.02, 3568.06, 26976.02, 3568.06
WallLine298: 26976.02, 3568.06, 26976.02, 3218.06
WallLine299: 27176.02, 7557.51, 27176.02, 5630.55
WallLine300: 26976.02, 7518.06, 26976.02, 5530.55
WallLine301: 25476.02, 3018.06, 25676.02, 3018.06
WallLine302: 25676.02, 1818.06, 25676.02, 1918.06
WallLine303: 25676.02, 1918.06, 25476.02, 1918.06
WallLine304: 25476.02, 1918.06, 25476.02, 1818.06
WallLine305: 25476.02, 1818.06, 25676.02, 1818.06
WallLine306: 27176.02, 5430.55, 27176.02, 4818.06
WallLine307: 26976.02, 5530.55, 26976.02, 4568.06
WallLine308: 30076.02, 3318.06, 30076.02, 3068.06
WallLine309: 30076.02, 3068.06, 30276.02, 3068.06
WallLine310: 30276.02, 3068.06, 30276.02, 3418.06
WallLine311: 30276.02, 1818.06, 30276.02, 2018.06
WallLine312: 30276.02, 2018.06, 30076.02, 2018.06
WallLine313: 30076.02, 2018.06, 30076.02, 1618.06
WallLine314: 30276.02, 3445.02, 30276.02, 3418.06
WallLine315: 30076.02, 3527.86, 30076.02, 3518.06
WallLine316: 30570.51, 4022.35, 29014.88, 5577.99
WallLine317: 30711.93, 4163.77, 29156.30, 5719.41
WallLine318: 34616.22, 8068.06, 34676.02, 8068.06
WallLine319: 34699.06, 7868.06, 34776.02, 7868.06
WallLine320: 34699.06, 7868.06, 34247.47, 7416.47
WallLine321: 34616.22, 8068.06, 34176.76, 7628.60
WallLine322: 34776.02, 7868.06, 34976.02, 7868.06
WallLine323: 34976.02, 7868.06, 34976.02, 8068.06
WallLine324: 34976.02, 8068.06, 34876.02, 8068.06
WallLine325: 36226.02, 8068.06, 36026.02, 8068.06
WallLine326: 36026.02, 8068.06, 36026.02, 7868.06
WallLine327: 36026.02, 7868.06, 36226.02, 7868.06
WallLine328: 32621.12, 5790.12, 30782.64, 3951.64
WallLine329: 32408.99, 5860.83, 30711.93, 4163.77
WallLine330: 30782.64, 7628.60, 30252.31, 7098.27
WallLine331: 30252.31, 7098.27, 30393.73, 6956.85
WallLine332: 30393.73, 6956.85, 30853.35, 7416.47
WallLine333: 29156.30, 5719.41, 29615.92, 6179.03
WallLine334: 29615.92, 6179.03, 29474.50, 6320.45
WallLine335: 29474.50, 6320.45, 28944.17, 5790.12
WallLine336: 30782.64, 3951.64, 30276.02, 3445.02
WallLine337: 30570.51, 4022.35, 30076.02, 3527.86
WallLine338: 29014.88, 5577.99, 28926.02, 5489.13
WallLine339: 28944.17, 5790.12, 28784.60, 5630.55
WallLine340: 34676.02, 8127.86, 34676.02, 9268.06
WallLine341: 34676.02, 9268.06, 32704.95, 9268.06
WallLine342: 32704.95, 9268.06, 28926.02, 5489.13
WallLine343: 28926.02, 5489.13, 28926.02, 3518.06
WallLine344: 28926.02, 3518.06, 30076.02, 3518.06
WallLine345: 30076.02, 3518.06, 30076.02, 3527.86
WallLine346: 30076.02, 3527.86, 34676.02, 8127.86
WallLine347: 36226.02, 7868.06, 34699.06, 7868.06
WallLine348: 34699.06, 7868.06, 30276.02, 3445.02
WallLine349: 30276.02, 3445.02, 30276.02, 1818.06
WallLine350: 30276.02, 1818.06, 32184.60, 1818.06
WallLine351: 32184.60, 1818.06, 36226.02, 5859.49
WallLine352: 36226.02, 5859.49, 36226.02, 7868.06
WallLine353: 33776.02, 11068.06, 33776.02, 11068.06
WallLine354: 33776.02, 11068.06, 32076.02, 11068.06
WallLine355: 34676.02, 8068.06, 34676.02, 9268.06
WallLine356: 34676.02, 9268.06, 34426.02, 9268.06
WallLine357: 25679.61, 1215.95, 25779.61, 1215.95
WallLine358: 25779.61, 1215.95, 25779.61, 1415.95
WallLine359: 25779.61, 1415.95, 25679.61, 1415.95
WallLine360: 28779.61, 1415.95, 28661.02, 1415.95
WallLine361: 28661.02, 1415.95, 28661.02, 1215.95
WallLine362: 28661.02, 1215.95, 28779.61, 1215.95
WallLine363: 25679.61, 1415.95, 25679.61, 1615.95
WallLine364: 25679.61, 1615.95, 25479.61, 1615.95
WallLine365: 25479.61, 1615.95, 25479.61, 1215.95
WallLine366: 25479.61, 1215.95, 25679.61, 1215.95
WallLine367: 28779.61, 1415.95, 28779.61, 1818.06
WallLine368: 28979.61, 1615.95, 28979.61, 1215.95
WallLine369: 28979.61, 1215.95, 28779.61, 1215.95
WallLine370: 33676.02, 9468.06, 33676.02, 9268.06
WallLine371: 25676.02, 3018.06, 25476.02, 3018.06
WallLine372: 25476.02, 1918.06, 25676.02, 1918.06
WallLine373: 36226.02, 10868.06, 36226.02, 11068.06
WallLine374: 35026.02, 11068.06, 35026.02, 10868.06
WallLine375: 35076.02, 11001.40, 35076.02, 10934.73
WallLine376: 36176.02, 10934.73, 36176.02, 11001.40
WallLine377: 29981.69, 10551.74, 30028.83, 10504.60
WallLine378: 27766.09, 8241.86, 27718.94, 8289.00
WallLine379: 29969.90, 10634.23, 30111.32, 10492.81
